1;02;03;05;06;09;10;11;13;14;16;18;20;23;24;25
2;01;04;05;06;07;09;11;12;13;15;16;19;20;23;24
3;01;04;06;07;08;09;10;11;12;14;16;17;20;23;24
4;01;02;04;05;08;10;12;13;16;17;18;19;23;24;25
5;01;02;04;08;09;11;12;13;15;16;19;20;23;24;25
6;01;02;04;05;06;07;10;12;15;16;17;19;21;23;25
7;01;04;07;08;10;12;14;15;16;18;19;21;22;23;25
8;01;05;06;08;09;10;13;15;16;17;18;19;20;22;25
9;03;04;05;09;10;11;13;15;16;17;19;20;21;24;25
10;02;03;04;05;06;08;09;10;11;12;14;19;20;23;24
11;02;06;07;08;09;10;11;12;16;19;20;22;23;24;25
12;01;02;04;05;07;08;09;10;11;12;14;16;17;24;25
13;03;05;06;07;08;09;10;11;13;14;15;16;17;19;23
14;01;02;05;06;07;09;13;14;15;18;19;20;21;23;25
15;01;02;04;06;08;10;12;15;16;18;19;21;23;24;25
16;02;05;06;07;08;10;12;13;15;17;19;21;23;24;25
17;01;02;03;05;06;07;09;13;14;16;17;18;19;20;21
18;02;06;07;08;10;11;14;15;17;18;19;20;22;23;24
19;02;05;06;07;08;10;11;13;14;15;16;17;20;23;24
20;03;04;06;07;08;09;10;14;16;17;18;19;20;23;24
21;01;02;04;05;08;11;14;16;18;19;20;22;23;24;25
22;01;02;03;04;05;06;07;09;10;12;13;14;15;22;25
23;01;03;04;05;06;08;10;11;12;14;16;17;18;19;20
24;01;02;03;05;07;10;11;14;17;19;20;21;23;24;25
25;01;02;03;04;05;06;07;09;13;14;16;20;22;23;24
26;05;07;08;09;10;11;13;14;16;17;19;20;21;22;23
27;03;06;08;10;11;12;13;14;15;18;20;21;22;24;25
28;01;03;07;09;10;11;12;13;14;16;17;18;19;20;21
29;01;04;05;06;08;09;13;14;16;17;19;20;21;22;24
30;01;02;03;04;06;07;08;11;14;17;19;20;21;22;23
31;01;02;03;04;09;13;14;15;17;19;20;21;22;24;25
32;01;02;04;06;07;09;10;11;14;15;16;17;20;22;23
33;01;02;05;07;08;10;11;12;14;16;19;20;21;23;24
34;01;02;04;07;08;09;10;11;15;16;18;19;20;21;23
35;01;04;05;06;11;12;13;14;16;17;19;21;22;23;25
36;01;04;05;07;08;10;11;14;17;19;20;21;22;23;24
37;01;03;04;05;08;09;10;11;13;15;20;21;22;23;24
38;01;02;03;06;07;08;09;10;13;14;15;16;22;24;25
39;02;07;08;09;11;13;14;15;17;18;19;21;22;23;24
40;01;02;05;07;08;10;12;13;14;16;17;20;21;22;24
41;02;03;04;09;12;13;15;16;17;18;19;20;21;23;25
42;01;03;04;05;06;08;11;12;14;15;17;21;22;24;25
43;01;03;06;07;08;09;10;14;17;18;19;20;22;23;24
44;03;04;05;06;10;11;12;13;14;18;19;21;23;24;25
45;01;02;03;05;07;09;14;16;17;18;19;21;23;24;25
46;01;02;04;05;06;08;10;11;14;18;19;21;23;24;25
47;01;02;03;04;05;06;08;10;11;13;15;18;20;22;25
48;02;05;06;07;11;13;15;16;17;18;19;20;21;22;23
49;02;04;05;06;08;11;13;15;16;19;20;21;22;23;24
50;01;02;03;06;07;09;10;11;12;13;19;20;21;23;25
51;01;03;05;06;07;08;11;13;14;16;17;20;21;22;23
52;01;02;04;08;09;11;12;13;15;16;21;22;23;24;25
53;01;02;03;06;07;09;11;12;14;17;18;19;20;23;24
54;02;04;05;06;07;08;09;12;14;16;18;20;21;22;24
55;02;03;04;05;06;07;08;09;12;13;15;16;18;19;25
56;01;02;05;09;12;13;14;15;16;17;19;20;22;23;24
57;01;02;03;04;06;07;08;11;12;17;19;20;21;22;25
58;03;04;05;06;11;12;13;14;15;16;17;18;19;20;22
59;01;03;05;06;07;08;10;11;13;14;15;19;20;23;25
60;01;02;03;04;05;08;11;16;17;18;19;22;23;24;25
61;01;04;05;09;11;12;13;14;15;16;19;20;22;23;25
62;01;03;07;08;09;11;13;14;15;16;17;18;20;24;25
63;04;08;09;10;11;12;13;16;17;19;20;21;22;24;25
64;01;02;03;06;07;08;09;10;13;14;17;18;20;23;25
65;01;02;04;07;10;15;16;17;18;19;20;21;22;23;25
66;01;02;04;08;10;11;14;15;16;17;20;21;22;23;24
67;05;07;08;09;10;11;12;13;15;16;20;21;22;23;24
68;01;02;03;05;06;07;08;09;10;12;16;17;22;23;25
69;01;04;07;08;09;10;11;15;17;18;19;20;21;23;24
70;01;02;03;05;06;09;10;12;14;15;16;19;20;24;25
71;01;03;05;06;08;09;11;13;14;15;16;18;21;22;23
72;01;02;05;07;08;11;12;13;15;16;17;18;23;24;25
73;01;02;05;07;10;11;13;14;15;16;17;18;19;21;25
74;01;02;03;04;05;06;08;11;13;15;16;18;22;23;25
75;01;03;04;05;06;07;08;10;11;13;15;16;17;20;25
76;01;03;05;08;09;10;12;13;15;16;17;19;21;23;25
77;02;03;04;06;08;09;11;14;17;18;20;21;22;24;25
78;01;02;03;05;06;07;08;12;13;15;16;17;18;20;23
79;01;02;03;05;09;12;14;15;17;18;20;22;23;24;25
80;01;02;03;04;05;07;09;10;14;15;17;18;20;22;25
81;01;02;03;04;05;06;07;10;11;13;15;16;17;19;21
82;01;04;05;06;08;09;12;13;15;17;18;19;20;22;23
83;01;02;03;05;06;08;10;11;12;13;14;20;23;24;25
84;01;02;04;06;08;12;15;16;17;19;20;22;23;24;25
85;01;02;05;07;08;09;11;13;14;15;16;18;21;22;23
86;02;04;05;06;08;09;12;13;14;17;18;19;23;24;25
87;01;02;03;05;08;09;10;11;13;15;18;20;22;24;25
88;01;02;04;05;08;09;10;11;12;14;17;18;19;24;25
89;01;06;11;12;13;15;16;17;19;20;21;22;23;24;25
90;01;02;03;08;10;11;12;15;17;20;21;22;23;24;25
91;01;04;09;10;11;12;13;14;15;16;17;20;22;23;25
92;01;02;04;06;08;12;13;14;15;17;18;19;21;22;24
93;02;04;05;06;07;09;10;13;17;18;19;20;21;23;24
94;02;04;08;09;11;12;13;15;16;17;18;21;22;23;24
95;01;02;03;04;05;10;11;12;14;15;17;18;19;20;22
96;03;04;06;09;10;12;14;16;17;18;19;21;22;23;24
97;03;04;06;10;12;13;14;15;17;19;20;22;23;24;25
98;01;02;05;06;08;10;11;15;17;18;20;22;23;24;25
99;01;02;03;04;07;10;11;13;14;16;17;20;21;24;25
100;01;03;04;08;09;10;11;12;13;14;16;17;22;23;25
101;01;03;06;07;09;10;13;14;16;17;19;20;21;23;24
102;01;02;03;04;07;09;10;11;12;18;19;21;22;23;25
103;01;02;03;04;05;07;08;10;11;16;17;18;22;23;25
104;05;06;07;10;11;13;14;15;16;18;19;21;22;24;25
105;04;06;07;08;09;10;11;12;13;15;17;19;21;22;25
106;01;02;03;04;05;06;10;12;13;14;15;17;22;23;25
107;01;03;04;06;07;08;09;11;12;15;17;18;21;24;25
108;01;02;04;07;08;09;11;12;14;15;16;18;22;23;25
109;01;03;05;07;09;11;12;13;16;18;20;21;23;24;25
110;01;03;04;05;06;12;13;14;17;19;20;21;22;23;25
111;01;05;06;10;11;12;13;15;17;18;19;21;22;24;25
112;01;02;03;04;06;10;11;14;15;17;18;19;20;21;23
113;01;02;04;05;06;08;11;12;13;14;19;20;21;24;25
114;01;02;03;06;07;08;09;10;11;14;20;21;22;24;25
115;01;04;05;06;07;09;11;12;13;16;17;18;20;21;25
116;01;02;09;10;11;12;13;14;16;18;19;20;21;23;25
117;05;06;07;09;10;11;12;13;14;15;17;18;20;23;25
118;02;04;05;06;08;12;13;14;15;18;19;21;22;23;24
119;01;04;06;08;09;10;11;15;17;18;20;21;22;23;24
120;01;03;05;07;08;11;12;13;15;16;18;19;20;21;24
121;01;02;04;05;07;09;10;11;12;16;17;18;23;24;25
122;01;02;04;05;08;09;10;13;15;17;18;20;22;23;25
123;04;05;06;07;11;12;13;17;18;19;20;21;22;23;24
124;02;03;04;06;07;09;14;15;16;18;19;20;21;24;25
125;02;03;04;06;07;09;10;11;12;15;16;21;22;24;25
126;01;02;03;04;06;07;08;13;14;16;18;21;22;24;25
127;01;02;03;04;05;07;10;11;12;13;18;19;22;23;25
128;02;03;04;06;11;13;14;15;16;17;19;20;21;23;25
129;02;05;06;07;09;11;13;15;18;19;20;21;22;23;25
130;02;03;04;05;06;09;10;12;13;15;17;19;23;24;25
131;02;04;05;06;07;08;11;12;13;15;19;20;22;23;25
132;01;03;04;05;07;09;10;11;14;15;16;17;22;23;25
133;01;03;04;05;08;09;11;13;15;18;19;20;21;22;23
134;01;03;05;07;08;10;11;12;13;14;16;17;19;22;25
135;01;02;05;07;08;10;13;14;15;18;19;20;21;22;25
136;01;02;03;05;06;09;12;13;14;15;17;21;22;23;24
137;02;06;08;09;10;11;12;13;16;17;18;19;20;21;25
138;02;03;04;05;07;08;11;13;15;16;17;21;22;24;25
139;01;02;07;09;12;14;15;16;17;18;19;21;22;23;24
140;01;02;03;06;09;10;12;13;15;18;19;20;22;24;25
141;01;03;07;08;09;10;12;13;16;17;18;19;20;24;25
142;01;02;04;05;06;07;09;15;16;17;18;19;22;23;24
143;01;02;08;09;11;13;15;16;17;19;21;22;23;24;25
144;01;02;04;07;09;11;12;14;17;19;20;21;22;24;25
145;01;02;03;09;10;11;13;14;15;17;18;20;22;24;25
146;01;02;05;08;10;11;12;13;14;16;17;22;23;24;25
147;01;02;04;05;06;10;11;12;13;16;19;21;22;23;25
148;01;02;04;05;08;09;12;13;16;17;20;21;22;24;25
149;02;05;07;09;10;13;15;16;17;18;19;20;23;24;25
150;01;03;05;06;07;08;09;11;14;19;21;22;23;24;25
151;03;04;05;07;09;10;11;12;13;14;16;18;20;23;24
152;03;04;05;06;07;08;13;15;17;19;20;22;23;24;25
153;01;02;04;05;08;11;12;13;17;18;20;21;23;24;25
154;01;02;03;05;06;09;10;11;13;14;15;16;18;23;24
155;02;04;05;08;10;11;14;15;16;18;19;20;21;22;24
156;01;03;04;08;09;10;11;12;13;14;15;19;20;22;23
157;01;02;04;06;07;09;10;12;14;16;18;19;21;24;25
158;02;07;08;09;10;11;12;15;16;17;18;19;20;22;23
159;01;02;03;04;05;06;08;10;11;14;15;17;20;24;25
160;01;03;04;09;10;11;12;14;15;16;17;19;20;21;24
161;01;05;08;11;13;15;16;17;18;20;21;22;23;24;25
162;01;02;03;04;05;06;08;11;12;13;16;18;20;23;24
163;01;02;03;05;06;07;09;13;14;15;20;21;23;24;25
164;01;02;03;05;06;08;10;11;14;15;18;21;22;23;24
165;01;02;04;06;08;09;12;13;14;15;17;18;19;22;25
166;02;03;04;08;09;10;13;14;15;18;19;20;21;22;23
167;01;02;03;06;08;09;10;13;14;16;18;19;22;23;24
168;01;02;03;04;07;10;12;15;16;17;19;20;22;23;24
169;01;04;05;06;07;08;09;10;11;12;15;16;20;21;24
170;01;03;04;05;06;07;08;10;13;16;18;20;22;23;25
171;01;03;04;10;11;12;13;15;16;17;21;22;23;24;25
172;01;02;04;06;07;09;10;11;12;13;18;20;21;22;25
173;02;03;04;05;07;08;11;15;19;20;21;22;23;24;25
174;01;02;04;07;09;10;11;12;13;15;17;20;23;24;25
175;02;03;05;06;07;11;12;13;14;15;16;18;19;21;24
176;02;04;10;11;12;13;15;16;17;18;21;22;23;24;25
177;02;06;07;08;10;11;13;15;16;17;19;20;21;23;24
178;02;03;04;06;08;09;10;14;16;19;20;21;23;24;25
179;02;03;04;05;07;09;13;14;15;17;19;22;23;24;25
180;01;02;03;04;05;06;07;08;10;11;15;17;20;24;25
181;01;04;05;06;07;08;14;15;16;17;19;20;21;22;23
182;02;03;04;07;08;09;11;13;14;17;19;21;22;23;25
183;02;04;06;07;08;11;13;14;16;19;20;21;23;24;25
184;01;03;07;08;09;10;11;15;16;17;18;19;21;23;25
185;01;02;04;06;07;08;09;11;12;15;17;19;20;23;25
186;02;04;05;06;11;12;13;16;17;18;19;22;23;24;25
187;01;03;11;12;13;15;16;17;18;19;21;22;23;24;25
188;02;03;05;08;10;11;13;16;19;20;21;22;23;24;25
189;01;02;04;05;06;07;09;13;16;18;19;20;22;23;24
190;01;03;04;05;07;08;11;13;14;15;16;18;19;23;24
191;02;05;08;09;10;12;13;15;17;18;19;20;21;22;23
192;01;02;03;04;05;06;11;13;14;15;16;21;22;23;24
193;01;02;03;04;05;08;09;10;14;15;16;19;20;21;25
194;02;07;08;09;10;12;13;14;15;17;18;21;22;23;25
195;02;03;04;06;07;08;09;11;12;14;17;18;19;22;23
196;02;03;04;05;10;14;15;16;17;19;20;22;23;24;25
197;03;04;05;06;07;08;09;10;12;13;18;20;21;22;23
198;01;02;04;05;06;07;13;14;15;16;17;18;20;21;25
199;01;02;03;04;05;06;09;11;12;15;19;20;21;22;23
200;01;02;04;05;08;09;11;12;13;14;15;16;21;23;24
201;01;02;04;05;08;09;10;11;12;13;14;15;19;20;22
202;01;03;05;10;11;13;14;16;17;18;19;21;22;23;24
203;01;02;03;04;05;06;07;12;13;14;17;18;23;24;25
204;02;03;04;05;07;08;11;14;15;16;17;22;23;24;25
205;02;03;04;09;10;11;12;14;15;16;17;18;21;22;25
206;02;03;05;08;09;11;12;13;14;15;16;17;20;21;22
207;01;02;03;04;06;09;10;12;13;14;15;17;19;20;22
208;01;03;04;06;07;09;10;11;12;14;15;16;19;23;24
209;01;03;05;06;07;09;10;14;15;18;19;21;22;24;25
210;03;05;07;09;10;11;13;14;15;16;18;21;22;23;24
211;01;02;04;06;08;10;11;12;14;16;17;18;22;24;25
212;01;03;04;06;08;09;10;11;12;14;16;19;20;22;23
213;01;03;04;05;08;09;10;11;16;18;19;21;23;24;25
214;01;02;03;04;09;11;13;14;15;18;19;20;22;24;25
215;01;03;04;05;07;09;11;12;14;15;17;18;19;23;25
216;02;03;04;05;06;07;09;10;11;13;17;19;21;24;25
217;02;03;04;05;06;07;09;10;11;12;16;17;19;21;25
218;02;05;07;08;11;12;13;14;15;16;17;20;21;22;25
219;02;03;06;08;09;11;14;16;17;18;19;22;23;24;25
220;05;09;10;12;13;14;15;16;17;18;20;21;23;24;25
221;01;02;03;06;07;08;10;12;16;17;19;20;21;23;25
222;01;03;04;05;06;07;08;09;12;15;18;21;22;23;24
223;02;04;07;09;10;11;12;13;14;16;20;21;22;23;24
224;04;06;08;09;10;11;12;13;15;18;19;20;21;23;24
225;01;02;03;05;07;08;13;14;15;18;19;20;22;23;25
226;04;05;08;10;11;13;14;15;16;17;18;19;20;21;25
227;01;05;07;08;09;10;12;14;15;17;18;19;20;21;22
228;02;04;10;11;12;13;14;15;16;17;18;19;20;24;25
229;02;06;08;09;10;11;12;13;14;15;16;17;20;23;25
230;01;02;03;04;05;06;08;10;11;13;14;15;17;22;24
231;01;02;05;06;07;10;12;15;16;17;18;19;21;24;25
232;04;05;06;09;11;12;13;14;16;17;18;21;23;24;25
233;01;02;03;04;05;06;07;08;09;12;13;14;17;19;21
234;01;02;03;04;05;09;11;12;13;14;15;17;21;22;24
235;01;08;10;12;13;14;15;16;17;18;19;21;23;24;25
236;01;03;04;05;07;08;09;12;13;15;16;21;22;23;25
237;04;05;06;07;09;12;13;15;16;18;19;20;21;22;23
238;01;03;04;06;11;12;13;14;15;17;19;20;21;23;24
239;01;03;05;06;07;09;10;13;14;15;16;19;22;23;25
240;01;02;04;09;10;11;13;14;15;16;18;19;21;22;23
241;03;04;05;08;09;12;13;14;15;17;20;21;23;24;25
242;02;05;06;08;09;13;14;15;16;17;18;19;21;22;23
243;01;02;03;04;05;07;12;13;16;17;18;20;21;23;25
244;03;05;06;07;09;10;11;12;14;15;18;20;21;22;24
245;01;02;06;07;09;10;11;12;14;15;16;18;19;24;25
246;01;04;05;07;08;09;10;12;13;15;17;18;21;24;25
247;01;02;03;04;07;08;09;14;15;16;17;19;22;23;25
248;01;02;05;08;09;10;11;12;13;15;16;19;20;21;25
249;04;05;07;08;09;10;12;14;15;17;18;21;22;23;25
250;01;02;03;05;09;10;12;13;15;16;17;18;19;21;23
251;03;04;05;06;09;10;13;15;16;18;19;21;22;23;25
252;02;03;04;06;08;11;14;15;17;18;19;22;23;24;25
253;01;04;05;06;07;08;11;12;13;15;18;19;21;22;23
254;02;03;04;05;06;07;08;09;11;13;14;15;16;20;23
255;01;02;03;04;06;09;10;14;15;16;17;21;22;23;24
256;01;02;06;07;08;09;10;12;13;15;16;18;20;22;24
257;01;03;06;07;09;10;12;13;14;16;17;18;19;22;24
258;02;04;05;06;09;12;13;14;17;19;20;21;22;24;25
259;03;05;06;07;08;09;10;15;18;19;20;21;22;24;25
260;01;03;04;05;06;07;08;09;11;13;14;18;19;20;24
261;01;02;04;05;06;07;11;13;15;16;17;19;20;21;25
262;03;04;06;07;08;09;12;13;14;15;17;20;21;23;24
263;01;04;07;08;09;10;11;14;15;16;18;19;21;23;24
264;01;03;04;06;08;09;12;13;16;19;20;21;22;23;25
265;01;05;07;08;11;12;13;15;16;17;18;19;20;22;24
266;01;03;04;05;06;07;09;11;14;15;18;19;21;22;24
267;02;03;04;05;06;09;11;12;13;14;15;17;21;23;24
268;05;06;07;08;09;10;12;14;15;16;18;19;20;23;25
269;01;02;04;06;10;13;14;15;16;17;18;19;22;23;24
270;01;03;04;05;06;07;08;09;14;16;18;19;23;24;25
271;01;02;04;05;06;08;11;12;16;18;19;20;21;24;25
272;01;02;04;05;08;09;11;12;13;15;17;20;23;24;25
273;01;05;06;07;10;12;15;16;17;18;19;20;21;24;25
274;02;04;05;06;07;10;11;12;14;15;17;20;21;23;25
275;01;03;05;06;08;09;10;11;12;14;15;17;18;20;22
276;02;03;04;05;07;10;11;12;13;17;18;19;20;22;25
277;02;04;09;10;11;12;13;14;16;17;21;22;23;24;25
278;01;02;03;05;06;09;11;12;13;15;17;19;21;23;25
279;01;02;03;05;06;09;10;11;12;13;17;18;19;22;23
280;03;04;05;06;09;10;11;13;15;16;17;19;20;24;25
281;01;02;03;04;08;09;10;11;12;14;15;17;19;23;25
282;02;03;04;07;08;11;12;13;15;16;19;20;21;22;25
283;01;02;04;06;08;09;10;11;12;13;19;20;22;23;24
284;01;03;05;06;07;11;12;13;15;17;19;21;22;23;25
285;01;04;05;08;09;10;11;12;13;14;15;16;19;22;23
286;01;02;03;04;07;09;10;11;12;13;19;21;23;24;25
287;02;05;06;07;10;12;13;15;16;17;18;21;22;23;25
288;01;02;03;04;06;09;10;12;13;14;15;18;19;24;25
289;01;02;03;04;06;08;09;10;12;14;15;17;19;22;24
290;01;02;05;06;07;09;11;12;13;14;17;20;21;22;23
291;01;02;05;07;08;10;11;12;13;14;15;17;20;23;24
292;02;03;05;07;08;09;11;12;13;16;17;21;22;24;25
293;01;02;03;06;09;12;13;14;15;18;19;22;23;24;25
294;01;02;03;04;05;07;08;11;12;15;16;20;23;24;25
295;02;03;04;06;10;13;15;16;17;18;19;21;23;24;25
296;02;03;06;07;08;11;12;14;15;16;17;18;19;22;25
297;01;04;07;08;09;10;12;14;15;16;21;22;23;24;25
298;01;03;04;06;07;08;11;12;13;14;15;16;21;22;24
299;03;05;06;07;08;10;13;17;18;19;20;21;22;23;24
300;03;04;07;08;09;11;12;15;17;19;20;21;22;23;25
301;02;03;08;09;11;12;13;14;15;17;18;19;20;22;23
302;02;04;05;06;09;10;11;12;14;15;16;18;20;22;25
303;02;03;04;06;08;12;15;16;17;18;20;21;22;23;24
304;01;03;04;05;12;14;15;16;17;18;19;20;21;22;25
305;02;03;04;05;08;10;11;12;13;18;20;21;22;24;25
306;01;02;04;05;08;11;12;13;14;15;16;18;19;20;25
307;01;03;04;06;09;10;12;14;15;17;19;20;21;23;24
308;01;02;04;05;12;13;15;16;18;19;21;22;23;24;25
309;01;02;03;04;08;09;10;13;14;16;17;20;21;22;24
310;02;03;05;09;10;11;14;15;16;17;18;19;21;23;24
311;02;04;05;07;10;12;14;15;16;17;19;20;23;24;25
312;01;02;06;08;09;10;11;12;13;16;17;18;19;22;25
313;02;03;06;07;09;10;12;14;15;16;17;18;19;23;25
314;01;02;05;06;08;09;11;12;13;14;15;19;20;21;22
315;02;03;05;06;08;11;13;14;16;17;19;20;21;23;24
316;01;03;04;06;07;08;10;12;13;14;15;18;19;23;24
317;01;02;04;05;08;09;11;14;16;18;19;21;22;24;25
318;03;04;05;06;09;11;12;13;14;15;16;18;21;23;25
319;01;03;04;06;08;09;10;12;14;16;17;19;20;23;24
320;01;03;06;09;11;12;14;15;17;18;19;21;22;23;25
321;02;03;04;09;10;11;12;13;14;16;17;18;20;24;25
322;01;02;03;05;07;12;13;15;16;17;18;20;21;23;24
323;01;02;03;04;06;07;09;10;14;17;19;20;21;23;25
324;01;02;03;04;06;07;08;09;10;12;16;20;21;23;24
325;01;02;04;05;06;07;10;14;15;19;20;22;23;24;25
326;01;02;04;06;07;08;10;11;12;13;15;17;18;24;25
327;01;02;03;04;08;12;13;14;15;16;17;18;19;21;23
328;02;03;04;05;11;12;13;15;18;19;21;22;23;24;25
329;01;02;03;04;08;09;13;14;17;18;20;21;23;24;25
330;01;02;05;06;09;12;14;15;17;18;19;22;23;24;25
331;01;03;05;06;07;12;13;15;16;18;19;21;22;23;25
332;02;03;05;06;07;10;11;12;14;19;20;21;23;24;25
333;01;02;05;06;09;11;12;13;14;15;16;18;21;23;25
334;01;02;06;07;08;11;13;15;16;17;18;21;22;23;25
335;01;03;04;06;07;08;09;11;12;14;16;17;19;20;21
336;01;02;03;05;06;08;10;11;14;15;16;17;19;22;25
337;01;03;04;05;07;08;09;10;11;12;16;18;19;22;23
338;03;04;05;06;07;09;12;14;15;16;17;19;20;21;25
339;01;02;05;08;10;13;15;16;18;19;20;21;22;23;24
340;02;03;04;05;06;08;09;10;11;14;19;20;21;22;25
341;01;05;07;09;11;12;13;16;18;19;20;21;22;24;25
342;01;03;04;08;11;12;13;15;16;19;20;21;22;23;25
343;03;05;06;08;11;12;13;14;15;16;18;19;20;22;25
344;03;04;05;06;09;10;11;12;13;15;16;20;21;24;25
345;02;07;09;11;12;14;15;16;18;19;20;21;23;24;25
346;01;02;03;05;06;08;10;12;14;15;17;18;21;23;24
347;03;05;07;08;09;10;11;12;14;15;18;19;20;24;25
348;01;02;05;07;08;12;14;17;18;19;20;21;22;24;25
349;01;02;05;07;08;12;14;16;17;18;19;20;22;24;25
350;01;02;03;04;06;07;08;09;12;13;14;15;22;23;25
351;01;02;03;05;07;10;11;12;14;16;17;18;19;23;24
352;01;02;03;04;06;09;12;13;15;17;18;19;20;22;24
353;02;03;07;08;09;11;12;13;17;18;19;20;21;22;23
354;01;02;04;07;08;09;10;12;16;17;18;19;21;22;23
355;02;04;06;07;08;09;10;11;12;13;15;18;19;23;25
356;02;04;05;09;10;11;13;14;15;16;19;20;22;24;25
357;01;02;05;06;08;09;10;11;13;14;17;19;21;23;25
358;02;04;06;09;10;11;12;14;15;16;17;18;23;24;25
359;04;07;08;10;11;12;13;16;17;18;19;21;22;24;25
360;01;02;03;04;05;07;08;09;11;17;18;19;20;23;24
361;01;04;07;09;10;12;13;14;15;16;17;19;20;23;24
362;01;02;03;04;05;06;07;10;12;13;17;18;22;23;24
363;02;03;04;06;08;09;11;13;15;16;17;20;21;22;23
364;02;03;04;06;07;09;11;12;13;15;19;20;21;22;24
365;03;04;05;08;10;11;12;15;16;18;19;20;23;24;25
366;03;05;06;08;09;11;13;15;17;18;20;21;22;23;25
367;01;02;04;07;08;09;12;13;15;17;18;20;21;22;24
368;02;03;04;05;06;11;13;14;15;17;19;20;21;22;24
369;01;03;05;06;07;09;11;12;14;15;20;21;22;23;24
370;03;04;06;07;08;09;10;11;12;14;16;17;19;23;25
371;01;02;03;05;06;07;08;09;10;13;14;15;16;22;25
372;03;04;05;06;10;12;13;14;16;17;19;22;23;24;25
373;02;04;06;09;11;12;13;14;15;17;19;20;21;22;23
374;01;02;03;06;09;12;13;16;18;20;21;22;23;24;25
375;01;02;05;07;10;11;12;13;14;16;17;18;19;20;25
376;02;03;08;10;12;13;14;15;16;18;20;21;22;24;25
377;01;02;03;04;07;08;09;11;12;13;15;17;19;20;22
378;02;03;04;06;12;13;14;15;16;19;21;22;23;24;25
379;03;04;05;07;10;11;12;13;14;16;17;18;21;22;25
380;02;03;04;06;07;08;09;10;11;14;17;18;22;23;25
381;01;03;04;06;07;09;10;12;13;15;17;19;21;22;25
382;02;03;04;07;08;09;10;11;12;14;15;16;21;22;24
383;03;05;06;07;09;11;12;14;15;16;18;22;23;24;25
384;01;03;04;07;10;11;13;15;17;18;19;20;21;22;25
385;01;02;04;05;06;08;12;13;15;18;20;22;23;24;25
386;01;02;03;04;06;07;09;11;15;18;19;20;21;23;25
387;02;03;04;08;09;10;11;12;14;15;19;20;21;22;23
388;01;02;03;05;06;07;09;10;11;15;16;17;18;20;21
389;02;03;04;05;06;09;10;12;13;17;18;19;23;24;25
390;02;05;07;10;11;12;13;14;15;19;20;21;22;24;25
391;01;03;04;06;08;09;12;13;15;16;18;21;22;23;25
392;01;02;03;04;10;11;12;14;15;17;18;20;21;23;25
393;01;03;04;06;07;08;10;11;17;18;20;21;22;23;25
394;02;05;06;07;08;12;13;14;16;18;20;21;22;23;24
395;01;02;04;06;08;09;11;13;14;15;17;21;22;23;25
396;01;02;03;05;06;07;09;10;11;13;15;18;20;22;24
397;01;02;03;04;05;06;08;09;10;13;14;15;20;22;25
398;02;03;04;05;07;08;09;10;12;13;16;18;20;21;22
399;01;04;07;09;10;11;12;14;16;17;19;21;22;23;24
400;01;05;09;10;12;14;15;16;17;19;20;21;22;23;24
401;01;02;03;05;06;07;08;10;14;16;17;21;23;24;25
402;01;02;04;06;07;08;09;11;16;20;21;22;23;24;25
403;02;04;06;07;08;09;11;12;13;14;15;19;21;24;25
404;01;05;06;08;10;11;13;14;16;18;20;21;22;24;25
405;04;05;06;07;08;11;12;13;14;16;18;19;22;24;25
406;01;02;04;05;07;08;09;10;11;16;17;21;22;23;24
407;02;04;06;07;08;09;11;12;14;15;16;17;20;22;25
408;01;02;03;04;10;11;12;14;15;18;19;20;21;22;23
409;01;02;04;06;07;08;10;14;16;17;20;21;23;24;25
410;01;04;05;07;08;09;10;11;13;14;15;17;18;19;25
411;01;05;07;09;11;12;14;16;17;18;20;21;22;24;25
412;03;04;08;09;10;11;12;16;17;18;19;20;21;22;25
413;02;03;05;06;08;09;10;12;13;14;16;17;20;21;25
414;02;03;05;06;08;09;10;11;15;16;18;19;20;21;25
415;01;03;07;10;11;13;14;15;17;18;19;20;21;22;23
416;01;02;05;06;07;13;15;16;18;19;20;22;23;24;25
417;01;02;03;08;09;11;12;13;14;15;16;17;19;21;23
418;05;08;09;10;11;12;13;14;18;19;20;22;23;24;25
419;03;04;05;06;07;14;15;16;17;18;20;21;22;23;24
420;03;04;05;06;07;08;09;10;11;12;18;19;22;24;25
421;03;04;05;08;09;10;12;13;14;15;16;19;20;23;25
422;01;02;03;04;06;07;08;12;13;14;17;18;22;23;25
423;01;02;03;05;11;13;15;16;17;18;20;22;23;24;25
424;01;03;06;09;10;11;13;14;15;16;17;18;19;24;25
425;01;07;09;10;11;12;13;15;16;18;19;20;22;23;24
426;02;03;04;05;06;08;10;11;15;16;18;19;22;24;25
427;01;03;04;05;06;07;09;10;11;12;16;19;21;22;24
428;01;03;04;11;13;14;15;17;18;19;20;21;22;23;24
429;02;03;04;05;06;07;08;12;13;14;16;17;19;23;25
430;02;03;04;05;06;07;09;11;13;14;15;20;22;23;25
431;01;02;03;05;09;11;12;13;15;18;20;21;22;23;24
432;02;03;04;06;07;10;12;13;15;17;19;20;21;23;24
433;01;02;03;05;07;08;09;14;15;19;21;22;23;24;25
434;03;04;06;09;11;12;13;15;16;17;18;21;23;24;25
435;01;03;04;05;10;11;13;14;15;16;17;18;21;24;25
436;03;04;06;07;10;13;14;15;18;19;20;21;22;23;25
437;01;02;04;05;06;08;10;11;12;16;17;19;20;21;23
438;01;04;07;08;09;11;13;15;17;18;21;22;23;24;25
439;02;03;05;09;10;11;12;14;15;17;19;21;23;24;25
440;01;03;05;08;09;12;13;14;15;16;19;21;22;24;25
441;01;02;03;04;07;08;09;10;11;13;14;20;23;24;25
442;05;06;07;08;09;12;13;14;15;17;18;22;23;24;25
443;01;02;03;05;07;10;11;12;16;17;18;19;21;22;23
444;01;02;03;06;07;10;14;15;18;19;20;21;22;24;25
445;01;02;04;07;09;10;11;12;13;15;16;18;19;20;21
446;01;02;04;05;06;08;10;11;14;15;16;19;21;23;24
447;01;02;05;08;10;12;16;17;18;19;20;21;22;24;25
448;01;03;05;06;09;10;11;12;13;14;15;17;20;23;24
449;01;02;03;04;08;09;10;11;16;17;18;19;22;24;25
450;04;05;06;07;09;11;14;16;17;18;21;22;23;24;25
451;01;03;05;06;08;09;14;15;17;18;19;22;23;24;25
452;01;06;07;08;09;10;11;12;14;17;18;19;20;24;25
453;01;02;03;04;06;09;11;14;15;17;19;20;21;24;25
454;03;04;06;07;11;12;13;14;15;17;19;20;22;24;25
455;01;03;04;05;06;07;08;11;12;14;18;19;21;23;25
456;01;03;04;09;10;11;12;13;14;17;18;21;23;24;25
457;01;04;05;11;13;14;15;16;18;19;20;21;22;23;25
458;02;03;04;05;06;07;08;09;11;13;15;16;18;20;22
459;01;02;03;04;07;10;11;12;14;15;17;19;20;21;23
460;01;03;04;06;09;10;11;12;14;15;16;17;19;22;23
461;03;04;05;06;07;08;11;12;13;14;15;17;19;23;24
462;01;02;03;05;07;08;12;14;16;17;18;21;22;23;24
463;02;03;06;07;09;11;13;14;17;18;19;20;22;23;25
464;01;02;05;08;10;11;16;17;19;20;21;22;23;24;25
465;01;02;03;04;06;07;09;10;11;13;18;19;21;22;25
466;02;06;07;08;10;11;12;14;17;18;19;20;21;22;25
467;02;04;05;06;07;10;13;14;15;17;18;21;22;24;25
468;02;03;05;06;09;10;12;13;15;17;18;21;22;24;25
469;01;02;05;06;07;08;10;11;13;14;18;19;22;23;25
470;01;03;04;05;06;07;08;10;11;13;15;18;20;22;23
471;02;03;04;06;09;10;11;12;13;14;15;16;20;24;25
472;01;02;04;05;06;07;08;11;12;13;14;15;17;18;20
473;01;02;05;06;07;08;09;11;12;15;17;19;22;23;25
474;01;02;03;05;09;10;11;12;15;16;17;18;21;23;24
475;02;03;04;05;06;09;10;11;13;14;17;20;21;23;25
476;01;05;06;07;09;10;11;13;14;15;16;17;19;24;25
477;02;04;06;07;08;10;11;12;14;16;18;20;23;24;25
478;02;03;05;07;09;10;11;12;13;16;18;22;23;24;25
479;02;03;05;08;11;13;14;15;16;18;19;22;23;24;25
480;04;05;06;07;08;09;11;12;15;17;18;19;22;24;25
481;01;03;05;07;09;10;12;13;14;15;17;20;21;22;24
482;02;06;07;08;09;10;12;15;16;17;19;21;22;23;25
483;01;04;05;06;07;09;11;12;14;17;18;21;22;23;24
484;01;04;06;08;09;10;11;13;14;16;17;20;21;23;25
485;02;03;04;05;06;07;11;16;17;18;20;21;22;24;25
486;01;02;03;04;05;07;09;11;13;15;18;19;20;21;22
487;04;05;06;07;08;09;10;14;15;17;18;19;21;22;24
488;05;06;07;08;11;12;13;14;15;17;18;20;22;24;25
489;01;02;05;07;10;11;12;14;17;18;19;21;22;23;25
490;03;05;06;08;10;11;12;13;14;16;17;18;21;22;23
491;01;02;03;07;09;11;12;13;16;20;21;22;23;24;25
492;01;02;03;04;06;08;11;12;14;15;18;19;21;24;25
493;01;04;05;07;08;10;12;13;14;15;17;18;21;22;25
494;02;03;04;05;07;08;12;13;15;16;18;19;20;21;22
495;01;03;04;06;07;08;09;11;13;15;17;19;22;24;25
496;03;04;05;07;09;11;13;14;15;16;17;19;21;22;24
497;01;02;03;04;05;08;09;11;12;14;16;17;19;23;25
498;01;02;04;05;06;11;13;14;15;16;18;20;22;23;25
499;01;02;03;04;07;10;11;12;15;17;19;20;21;24;25
500;02;03;05;06;08;09;10;13;14;16;18;20;21;23;25
501;01;02;03;04;06;09;12;15;17;18;19;21;23;24;25
502;01;02;03;04;05;06;08;10;11;13;16;18;19;23;24
503;01;02;03;04;05;07;11;12;14;15;17;20;21;24;25
504;01;06;09;10;12;13;14;15;16;17;18;19;20;21;23
505;03;04;06;07;09;11;15;16;17;18;19;20;21;22;24
506;04;05;06;09;11;12;13;15;16;17;19;20;21;22;24
507;01;02;03;05;06;08;09;10;11;12;20;21;23;24;25
508;02;03;05;06;07;08;09;14;15;16;18;19;23;24;25
509;01;03;05;06;09;11;12;15;16;17;19;20;22;24;25
510;01;02;03;04;06;07;10;11;12;13;20;21;22;23;25
511;01;02;05;07;10;11;12;13;14;17;18;19;21;24;25
512;01;02;04;05;06;07;08;09;10;12;13;15;16;21;24
513;01;02;03;06;09;10;11;13;15;17;18;20;22;23;25
514;01;05;06;07;08;09;11;12;15;17;18;21;22;24;25
515;02;03;05;07;09;10;11;12;13;14;17;18;20;24;25
516;02;04;05;06;07;08;11;12;13;14;18;20;21;23;24
517;01;03;04;05;06;07;08;09;11;12;13;17;21;22;23
518;04;05;06;07;10;11;12;13;14;16;17;19;20;22;24
519;02;03;07;09;11;12;13;15;16;17;19;21;23;24;25
520;02;04;05;06;09;10;12;14;15;18;19;20;22;23;24
521;01;02;03;04;05;06;09;10;11;12;13;17;19;20;23
522;02;04;06;07;09;11;16;17;18;19;21;22;23;24;25
523;02;04;05;08;09;10;11;12;13;16;17;18;19;24;25
524;02;03;05;06;07;10;11;12;14;17;20;21;22;23;24
525;03;04;06;09;10;11;13;15;16;17;18;20;21;22;25
526;01;02;04;07;08;09;10;11;12;14;15;16;19;24;25
527;01;02;05;06;09;11;12;14;15;16;17;19;22;23;24
528;02;03;04;06;07;08;10;11;12;15;19;21;23;24;25
529;02;03;05;06;07;11;12;16;17;18;19;20;22;23;25
530;03;04;06;07;08;09;10;11;12;14;16;18;21;22;23
531;01;02;03;07;10;12;13;14;15;16;17;21;22;23;25
532;01;02;04;05;06;07;09;11;12;13;15;16;19;22;24
533;01;02;03;08;09;10;11;13;14;16;17;18;20;24;25
534;01;02;03;05;07;08;11;12;13;15;18;19;21;22;24
535;01;04;05;06;09;11;13;15;16;17;19;21;23;24;25
536;03;04;05;07;09;11;15;16;17;19;20;22;23;24;25
537;01;02;04;06;09;10;11;14;15;17;18;20;22;23;24
538;02;05;06;10;11;12;13;16;17;18;19;20;21;24;25
539;01;02;04;05;06;08;09;12;13;14;15;16;19;21;23
540;02;06;07;08;09;11;12;13;15;16;18;19;20;22;24
541;03;04;05;06;09;10;13;14;15;17;19;20;22;24;25
542;01;02;03;04;05;08;09;10;13;16;17;18;20;22;24
543;01;05;07;08;10;11;13;14;15;16;17;20;22;24;25
544;02;04;05;07;08;09;11;13;14;15;18;19;21;23;24
545;01;03;05;06;07;11;12;13;14;15;17;18;23;24;25
546;02;03;04;05;08;09;10;11;12;13;17;18;19;21;23
547;01;02;04;05;06;09;10;12;14;16;17;19;20;24;25
548;01;02;03;04;05;06;07;08;09;13;14;17;20;23;25
549;03;04;07;09;10;11;13;14;15;16;17;20;21;22;23
550;01;05;06;07;09;10;11;13;14;16;17;18;20;21;22
551;03;07;08;10;12;13;14;16;17;18;19;20;21;22;24
552;01;03;04;05;06;08;10;12;13;17;20;22;23;24;25
553;04;05;07;08;09;10;12;13;14;15;17;18;21;23;24
554;01;02;03;04;06;09;13;14;17;19;20;21;22;24;25
555;01;02;06;07;08;09;10;12;14;16;17;18;20;23;24
556;01;04;08;09;11;13;14;16;17;18;20;22;23;24;25
557;01;05;07;08;09;10;12;14;15;17;18;19;20;21;23
558;01;03;04;05;07;10;12;14;17;18;20;21;22;24;25
559;01;02;05;07;09;10;11;13;14;16;19;20;21;22;23
560;01;02;04;09;10;12;14;17;18;19;20;21;23;24;25
561;02;03;04;06;07;09;10;11;12;13;15;17;18;20;21
562;01;02;03;05;07;08;13;14;16;18;19;20;21;22;24
563;01;03;04;05;06;07;09;11;12;16;19;20;22;23;24
564;01;02;03;04;07;09;12;14;15;17;19;20;21;23;24
565;01;04;06;07;09;10;12;15;17;18;19;20;21;23;24
566;01;03;04;05;07;09;10;11;14;15;16;17;19;20;21
567;01;02;05;07;08;09;10;12;13;14;15;17;21;24;25
568;01;02;04;05;06;07;08;09;13;15;16;17;18;20;21
569;01;02;06;07;08;12;13;16;17;18;19;20;22;24;25
570;01;02;03;04;05;10;12;14;15;18;19;20;21;22;23
571;03;04;05;06;07;11;12;15;16;18;19;20;21;24;25
572;02;05;06;08;09;10;13;14;15;16;17;19;21;22;24
573;01;02;03;07;10;11;12;14;16;18;20;22;23;24;25
574;01;05;06;11;12;13;14;16;18;19;20;21;22;23;25
575;03;05;08;09;10;12;13;15;16;17;18;19;21;22;24
576;06;08;09;10;11;12;13;15;16;17;18;19;21;23;25
577;01;02;03;04;05;08;10;12;15;16;18;19;21;22;23
578;01;04;06;07;08;10;12;13;14;15;16;19;21;22;23
579;01;03;05;06;07;08;10;12;13;14;17;19;20;21;24
580;01;04;06;07;08;09;10;12;13;14;16;17;21;24;25
581;02;04;06;09;11;12;13;14;15;17;18;19;21;23;25
582;03;07;08;09;10;11;12;13;15;17;18;19;21;23;25
583;01;03;04;07;08;09;11;14;16;17;18;19;21;23;24
584;02;03;05;06;07;08;10;11;14;15;19;20;21;22;23
585;01;05;07;08;09;10;13;14;15;16;17;18;20;23;24
586;02;03;04;06;07;08;11;12;16;17;18;19;22;24;25
587;01;04;05;07;09;10;11;12;13;17;18;19;20;21;23
588;01;04;05;07;11;12;13;14;17;18;19;20;23;24;25
589;02;03;04;06;08;09;10;12;13;20;21;22;23;24;25
590;01;03;04;06;09;10;11;13;14;15;16;18;19;20;21
591;01;02;04;07;08;10;11;14;15;16;17;19;20;21;23
592;01;03;05;06;08;09;10;14;15;16;17;18;19;20;22
593;01;03;04;05;06;09;10;11;13;14;15;20;23;24;25
594;02;03;06;07;09;10;11;13;14;15;16;18;20;23;25
595;01;05;06;07;08;09;10;11;12;15;17;19;21;24;25
596;02;03;07;08;09;10;11;12;17;18;19;20;22;23;25
597;01;02;03;05;08;09;10;11;14;16;17;18;22;24;25
598;01;03;04;05;07;11;12;14;15;18;19;20;21;22;25
599;02;04;05;06;07;09;12;13;16;18;20;21;22;23;24
600;01;03;05;06;08;09;10;11;16;17;18;19;22;23;25
601;01;03;05;06;07;09;10;11;12;13;14;16;19;20;25
602;01;02;05;06;07;08;09;10;11;12;13;18;22;23;25
603;02;04;05;06;08;10;12;13;15;16;19;20;21;22;23
604;01;02;06;07;09;12;13;14;15;18;19;20;22;24;25
605;02;03;04;05;07;10;11;13;14;16;17;18;21;23;25
606;02;03;06;07;08;10;12;14;15;16;18;22;23;24;25
607;03;05;07;09;12;15;16;17;18;19;20;21;22;24;25
608;01;02;03;05;07;08;10;13;14;16;17;18;19;23;25
609;01;02;04;07;09;10;11;12;14;15;16;19;20;23;25
610;01;02;04;06;07;08;10;12;13;14;15;16;21;22;25
611;02;03;04;05;06;08;09;13;14;16;18;19;20;21;23
612;01;02;03;06;07;09;10;13;15;16;17;18;19;23;25
613;02;05;06;07;10;11;12;13;14;16;17;20;22;23;25
614;01;05;06;07;09;11;12;13;16;17;18;19;20;22;23
615;01;02;04;07;08;11;12;17;19;20;21;22;23;24;25
616;01;02;06;09;10;12;15;16;17;18;19;21;22;24;25
617;01;02;03;04;05;07;10;14;15;16;19;21;22;24;25
618;01;02;04;05;06;07;09;12;13;17;19;20;21;22;24
619;01;03;04;07;08;09;13;14;17;18;19;20;21;23;25
620;01;05;06;07;10;11;12;14;15;16;18;19;20;21;22
621;01;02;03;05;06;08;09;10;12;15;16;20;22;24;25
622;02;03;04;05;06;07;09;10;11;12;13;15;17;18;21
623;01;02;03;04;05;08;09;10;11;12;15;20;22;23;25
624;01;02;04;05;06;07;09;11;12;16;17;18;20;21;24
625;01;02;03;06;08;10;11;13;14;15;16;17;22;23;24
626;01;02;03;04;05;07;08;09;11;13;17;19;21;23;24
627;01;02;03;04;06;10;12;14;15;17;21;22;23;24;25
628;02;03;04;07;08;09;10;11;13;15;18;19;22;23;25
629;01;02;04;05;06;07;09;12;14;15;17;19;21;22;25
630;01;02;04;06;07;12;13;14;17;18;20;22;23;24;25
631;02;03;05;07;08;09;10;13;14;16;17;18;19;20;21
632;01;04;06;08;10;11;13;14;16;17;20;21;22;24;25
633;02;03;06;07;08;09;10;12;18;20;21;22;23;24;25
634;02;03;04;05;09;10;11;12;14;15;18;19;20;21;22
635;01;04;05;06;07;08;09;11;12;13;18;19;20;22;24
636;01;02;03;04;06;10;12;13;14;16;19;20;21;23;25
637;02;04;06;07;09;13;16;17;18;19;20;21;22;23;25
638;01;02;03;04;09;11;13;14;16;18;19;21;23;24;25
639;01;02;04;05;06;08;09;10;12;16;19;20;21;22;24
640;01;03;04;05;09;11;13;14;16;18;19;20;21;22;23
641;02;03;06;07;08;09;11;13;16;18;19;20;21;22;24
642;01;02;04;05;08;10;11;12;13;18;19;20;21;22;25
643;01;02;04;07;08;09;10;13;16;17;19;21;22;23;24
644;02;03;05;06;07;08;09;12;13;14;15;18;21;22;24
645;04;05;08;09;10;11;13;16;18;19;20;21;22;23;25
646;01;03;05;06;09;10;14;15;17;18;19;20;21;23;25
647;04;06;07;08;09;11;13;14;17;18;19;20;22;23;25
648;02;04;06;08;09;10;11;13;15;16;18;19;20;21;22
649;01;02;04;05;06;08;09;10;11;14;15;17;21;22;24
650;01;03;07;08;10;13;14;16;17;19;20;21;23;24;25
651;01;04;05;06;08;10;13;14;15;17;18;19;20;24;25
652;02;05;07;09;10;11;13;14;16;17;18;19;20;21;23
653;01;02;03;07;08;12;13;14;16;17;19;20;21;22;23
654;01;02;03;07;12;13;14;16;17;18;19;20;22;23;25
655;02;05;07;08;10;11;13;14;15;19;20;21;23;24;25
656;02;03;05;07;08;09;11;13;14;15;18;20;22;23;25
657;02;03;04;05;06;08;10;12;13;15;17;19;23;24;25
658;01;04;05;06;07;09;10;11;14;15;17;21;23;24;25
659;01;03;04;05;06;08;09;10;11;12;15;19;20;23;24
660;03;04;05;06;07;08;09;12;14;15;16;17;19;24;25
661;01;03;06;07;10;11;12;15;17;18;19;20;22;23;24
662;01;02;03;06;07;08;09;11;13;14;15;16;19;20;22
663;02;04;05;06;07;09;11;13;16;17;19;21;22;23;24
664;01;03;04;07;10;13;14;15;16;17;18;20;21;23;24
665;02;03;06;07;12;13;14;15;17;18;20;21;22;24;25
666;01;02;04;06;07;11;12;14;15;16;18;20;21;24;25
667;03;04;05;06;08;10;13;15;17;18;19;20;21;24;25
668;01;02;07;09;10;11;12;13;15;16;17;20;23;24;25
669;02;04;05;06;12;13;15;16;17;18;19;22;23;24;25
670;01;07;08;10;12;13;14;15;17;18;20;21;22;23;25
671;04;05;07;08;09;10;11;12;13;14;18;19;20;22;24
672;01;02;04;06;09;10;11;12;15;17;19;21;23;24;25
673;02;04;05;07;08;09;10;11;12;13;14;15;17;19;20
674;02;03;08;10;11;14;15;16;18;19;20;22;23;24;25
675;02;03;04;05;07;10;11;13;14;15;16;17;22;23;24
676;02;04;05;06;08;10;12;13;15;16;19;20;21;24;25
677;01;02;05;06;07;08;10;11;12;13;15;16;19;23;25
678;02;03;05;07;09;10;12;15;18;19;20;21;23;24;25
679;02;07;08;10;11;12;13;14;15;17;18;19;20;21;22
680;03;04;06;07;08;09;12;13;14;16;18;19;20;21;22
681;02;03;04;06;07;08;10;11;12;14;15;16;18;19;23
682;01;02;04;05;06;07;08;11;14;17;18;19;22;24;25
683;01;02;04;05;06;07;08;09;10;11;12;13;15;23;24
684;01;04;05;08;10;11;12;13;14;16;20;21;22;24;25
685;01;03;04;09;12;13;15;17;19;20;21;22;23;24;25
686;01;03;04;06;07;10;12;13;16;19;20;22;23;24;25
687;01;02;03;04;06;09;12;13;15;18;19;20;23;24;25
688;01;02;03;04;07;09;11;12;14;16;19;21;22;23;24
689;02;03;04;05;06;07;08;11;12;13;15;17;22;23;24
690;01;02;03;09;10;11;12;13;14;15;18;19;20;24;25
691;01;02;03;06;07;08;09;11;13;17;18;19;20;22;23
692;01;02;04;06;07;10;11;12;17;18;19;21;22;23;24
693;01;02;03;04;06;07;09;10;11;14;16;17;19;21;22
694;01;03;06;08;09;10;11;14;15;16;18;19;20;21;24
695;02;03;04;05;11;13;14;17;18;19;20;21;22;24;25
696;01;04;05;07;09;10;11;13;14;15;16;20;21;22;24
697;01;02;03;07;08;11;14;15;16;18;19;22;23;24;25
698;02;03;04;06;07;09;10;12;14;15;18;20;21;22;24
699;02;03;04;06;08;09;10;15;16;18;19;21;22;23;25
700;01;02;06;07;08;09;10;13;14;16;18;19;21;22;25
701;03;04;08;10;12;13;14;16;17;19;20;21;22;23;25
702;01;02;03;04;05;06;07;08;09;10;13;14;20;23;25
703;02;05;08;10;11;14;15;17;18;20;21;22;23;24;25
704;02;03;05;06;08;10;11;13;14;15;16;17;22;23;24
705;03;04;06;07;08;09;11;12;14;15;16;20;21;22;25
706;01;02;03;04;06;08;12;13;16;18;19;21;22;24;25
707;03;04;06;07;08;11;12;14;15;16;17;20;21;24;25
708;01;02;03;04;05;06;09;11;14;16;19;21;22;24;25
709;01;03;06;07;08;11;12;14;15;16;18;19;20;22;23
710;02;03;04;06;12;14;15;17;18;19;20;21;22;24;25
711;01;02;04;05;06;07;10;12;13;15;16;18;21;22;24
712;01;04;08;09;12;14;15;16;17;18;20;21;22;23;25
713;02;03;04;05;06;11;13;14;15;19;21;22;23;24;25
714;04;06;07;08;09;10;11;12;13;14;15;17;19;21;22
715;01;03;05;08;10;11;13;14;15;18;20;22;23;24;25
716;01;03;05;07;08;11;12;14;15;16;18;20;21;23;25
717;01;02;03;05;07;08;09;11;14;16;18;20;21;23;25
718;03;04;07;09;11;13;14;15;17;19;21;22;23;24;25
719;02;07;08;09;10;11;13;15;16;18;19;22;23;24;25
720;04;07;09;10;11;12;13;16;17;18;20;21;23;24;25
721;01;02;03;04;05;07;08;09;10;11;12;14;15;19;21
722;01;03;05;06;07;08;10;13;14;16;17;19;20;23;24
723;02;03;04;05;07;08;09;10;11;12;14;15;18;20;24
724;01;03;05;06;07;10;12;14;15;18;19;20;23;24;25
725;01;05;06;07;09;10;12;13;15;16;17;18;21;24;25
726;01;02;04;07;09;10;11;13;14;15;16;20;21;24;25
727;03;04;06;07;08;09;11;16;18;20;21;22;23;24;25
728;03;04;06;07;08;10;11;13;16;19;20;21;22;23;25
729;01;02;03;04;06;07;09;10;12;14;15;17;22;23;25
730;01;03;04;08;11;12;14;16;18;19;20;21;22;24;25
731;03;04;06;07;08;11;12;14;15;17;18;19;21;22;24
732;01;04;08;09;10;11;13;14;17;20;21;22;23;24;25
733;01;04;05;06;07;08;11;12;14;16;18;19;20;22;24
734;02;03;06;08;09;10;13;15;17;18;19;20;21;23;24
735;05;06;08;10;11;12;13;14;17;19;20;21;22;24;25
736;02;03;04;05;06;08;09;10;13;15;16;17;19;21;23
737;02;03;04;05;06;07;08;10;12;14;16;17;18;22;25
738;02;06;07;09;11;12;13;14;16;18;19;20;23;24;25
739;02;03;04;08;09;10;11;14;17;20;21;22;23;24;25
740;01;04;05;09;10;11;12;13;14;19;21;22;23;24;25
741;02;03;05;07;10;11;12;13;14;16;17;18;21;24;25
742;01;03;05;06;07;08;09;11;13;14;15;19;20;21;23
743;01;02;03;06;09;10;11;12;14;15;17;21;22;23;24
744;01;03;04;06;07;09;10;11;12;13;15;16;19;23;24
745;01;03;06;07;08;09;11;12;13;16;17;20;22;24;25
746;02;03;04;05;08;09;10;16;17;18;19;20;21;24;25
747;01;02;03;04;06;07;10;12;13;15;16;17;20;23;24
748;01;03;04;05;06;08;09;10;12;15;17;18;20;21;23
749;01;02;03;04;06;07;08;11;13;14;15;18;19;22;24
750;02;03;04;05;07;09;10;11;13;15;19;20;21;24;25
751;03;05;06;08;09;12;13;14;16;17;19;20;21;22;23
752;01;04;05;06;07;08;12;13;14;16;18;19;21;24;25
753;01;03;04;05;06;07;08;11;13;14;17;20;21;22;25
754;01;04;05;07;13;15;16;17;18;19;20;22;23;24;25
755;01;02;03;05;07;08;10;11;12;13;14;16;17;24;25
756;03;05;06;07;08;10;13;14;15;16;17;20;22;23;25
757;01;03;04;08;09;10;11;13;14;15;17;18;20;21;23
758;01;02;04;05;06;11;12;15;16;17;18;20;23;24;25
759;02;05;07;08;09;10;15;16;17;18;19;20;23;24;25
760;01;02;03;07;09;10;11;12;13;15;16;17;23;24;25
761;01;04;05;06;10;11;12;13;14;15;16;19;20;22;24
762;01;02;03;05;06;07;09;10;11;12;13;14;17;21;22
763;01;02;03;04;06;07;13;14;16;17;18;21;22;24;25
764;01;03;04;06;08;09;11;12;14;16;17;19;23;24;25
765;01;02;03;07;08;09;10;12;13;14;18;20;23;24;25
766;01;03;05;06;07;09;12;13;14;15;16;18;21;24;25
767;01;03;04;05;07;08;10;11;12;15;17;19;22;23;24
768;01;03;05;06;11;12;13;14;15;17;19;20;23;24;25
769;03;04;05;07;10;11;13;15;16;17;19;20;22;23;25
770;01;03;04;05;06;09;11;12;16;17;18;21;22;24;25
771;02;04;05;06;07;08;09;10;14;16;17;20;22;23;25
772;02;04;06;07;08;09;10;11;12;15;16;20;23;24;25
773;02;05;06;07;08;10;11;13;15;17;18;20;22;24;25
774;01;03;04;05;06;08;09;11;12;14;15;18;19;22;25
775;02;03;06;07;08;09;10;12;13;14;16;17;18;19;20
776;01;02;03;04;10;11;12;13;14;18;19;20;22;23;24
777;02;03;06;09;11;12;13;14;15;16;20;21;23;24;25
778;02;05;06;07;09;10;11;13;15;16;19;20;22;24;25
779;04;05;08;09;11;12;13;14;16;17;19;20;21;22;23
780;03;06;07;08;10;13;15;16;17;18;19;20;21;24;25
781;01;02;04;08;09;10;11;14;15;16;17;19;20;22;25
782;05;08;09;10;11;12;13;14;15;16;17;18;19;20;21
783;01;02;05;06;07;08;11;13;15;16;19;20;21;22;24
784;01;02;03;04;07;11;12;13;15;18;20;21;22;23;25
785;01;02;04;06;07;10;11;12;13;15;16;17;19;21;23
786;02;04;05;06;08;10;11;12;13;15;17;21;23;24;25
787;01;04;05;08;09;10;11;12;13;14;16;17;19;20;23
788;01;03;04;08;09;10;11;12;16;19;21;22;23;24;25
789;02;03;04;08;10;11;12;14;15;16;18;19;21;22;24
790;03;06;07;08;10;12;13;16;18;19;20;22;23;24;25
791;01;02;03;05;06;07;08;10;11;13;14;21;22;23;25
792;01;02;03;06;08;09;10;12;14;18;19;20;21;23;25
793;02;04;05;07;09;11;12;14;16;17;18;20;21;23;25
794;01;02;03;04;05;06;08;09;11;14;15;20;23;24;25
795;01;02;03;04;06;07;08;09;10;12;14;16;21;22;24
796;02;03;04;06;07;08;10;11;14;16;17;18;20;21;24
797;02;03;05;06;07;08;11;15;17;18;19;20;21;24;25
798;01;03;05;06;08;10;11;13;15;16;18;19;22;23;24
799;03;04;06;08;11;13;14;15;16;19;21;22;23;24;25
800;03;04;06;07;08;09;10;11;12;13;16;20;21;22;24
801;01;03;04;05;06;07;10;12;15;17;18;19;21;23;25
802;01;03;04;05;08;09;10;12;13;14;18;20;21;22;25
803;01;04;05;12;14;15;16;17;18;19;20;21;23;24;25
804;01;03;04;05;06;07;08;13;15;17;18;20;21;23;24
805;01;02;04;06;07;09;11;13;14;16;17;20;22;24;25
806;01;02;03;05;06;07;08;10;14;15;16;19;20;24;25
807;02;03;04;05;07;08;10;11;13;18;19;21;22;24;25
808;04;06;07;10;11;12;14;16;17;18;20;21;22;24;25
809;01;02;04;05;07;09;13;16;18;19;21;22;23;24;25
810;01;03;06;07;09;11;12;15;16;17;18;21;22;23;24
811;01;02;03;04;05;06;07;09;10;12;14;17;19;20;22
812;01;03;05;07;08;11;14;17;18;19;20;21;23;24;25
813;01;03;04;05;06;07;08;10;12;16;19;21;23;24;25
814;03;04;08;10;11;12;13;14;17;19;20;21;22;23;24
815;06;07;08;10;11;14;15;17;18;20;21;22;23;24;25
816;02;03;05;08;09;10;11;12;13;15;16;17;19;23;25
817;01;02;03;04;05;08;10;11;12;17;18;20;23;24;25
818;04;05;06;08;10;11;13;14;16;19;20;22;23;24;25
819;03;04;05;06;07;08;09;10;11;12;18;19;20;21;22
820;01;02;03;05;06;07;08;09;10;13;15;16;22;23;24
821;03;04;05;07;09;10;11;12;14;16;17;21;23;24;25
822;02;03;05;11;12;14;15;16;17;18;19;21;22;23;24
823;01;02;04;05;09;11;12;13;14;16;19;20;22;24;25
824;02;03;04;07;11;12;13;14;15;19;20;21;22;24;25
825;01;06;07;08;09;10;11;13;14;15;17;19;22;23;25
826;03;05;06;12;13;14;15;16;17;18;19;20;21;23;24
827;01;02;04;05;07;09;10;12;13;14;16;17;21;22;24
828;01;06;07;08;09;12;14;15;17;19;20;22;23;24;25
829;02;05;07;08;09;11;13;14;16;17;18;22;23;24;25
830;01;04;06;09;10;11;12;13;14;16;17;19;21;23;24
831;01;02;03;05;09;10;11;12;14;16;17;18;20;21;22
832;02;05;06;07;08;10;11;12;15;16;19;22;23;24;25
833;02;05;06;07;10;11;12;13;16;17;18;19;20;22;25
834;02;04;07;08;09;10;11;14;16;18;19;20;21;22;23
835;01;02;04;06;08;12;14;15;16;17;18;19;21;24;25
836;02;04;07;08;09;10;12;14;15;16;18;20;21;22;25
837;01;03;07;08;10;11;12;13;14;15;16;18;20;22;24
838;02;04;05;07;09;10;11;14;15;16;18;20;21;23;24
839;02;03;04;06;07;08;13;14;16;17;19;21;22;24;25
840;02;04;06;09;11;12;13;17;18;19;20;21;22;23;25
841;01;03;05;06;08;10;12;13;14;15;16;17;20;21;24
842;03;04;05;07;10;11;13;14;15;18;19;20;21;22;24
843;03;04;07;08;11;12;13;15;16;17;19;20;21;22;24
844;01;03;05;07;08;09;10;12;15;16;17;19;22;24;25
845;02;04;06;07;11;12;14;16;18;19;21;22;23;24;25
846;01;04;06;09;10;11;13;14;15;19;20;21;23;24;25
847;01;03;05;06;07;09;10;11;13;14;17;18;20;21;25
848;02;03;05;08;09;13;14;16;17;18;19;21;23;24;25
849;01;04;05;10;12;13;14;15;16;17;18;20;23;24;25
850;02;03;05;07;08;10;13;14;18;19;20;21;22;23;24
851;01;04;05;06;07;10;13;14;15;17;18;19;20;22;24
852;01;02;03;04;05;08;11;12;16;18;20;21;23;24;25
853;02;03;05;06;08;09;11;12;17;18;19;20;21;22;23
854;01;02;03;05;08;09;10;13;14;15;17;18;20;21;22
855;01;03;04;08;09;10;11;13;14;15;17;18;23;24;25
856;02;03;07;08;09;11;12;13;15;16;19;20;22;23;25
857;01;03;04;06;08;11;13;14;15;16;18;19;20;21;24
858;01;03;04;05;06;08;09;11;12;17;19;20;22;23;25
859;01;02;03;04;05;06;09;10;11;13;14;17;18;19;20
860;03;04;05;06;07;09;10;13;14;15;16;19;22;24;25
861;01;02;03;04;06;07;09;10;11;14;15;17;19;22;23
862;01;02;03;04;05;10;13;14;15;17;18;19;20;23;24
863;01;03;04;07;08;13;15;16;17;18;19;22;23;24;25
864;03;06;08;10;12;13;15;16;17;18;19;21;22;23;24
865;01;03;04;05;06;07;10;13;18;19;20;21;22;23;25
866;01;02;03;05;07;08;09;10;11;13;14;18;20;23;24
867;02;03;04;05;06;07;08;10;12;13;14;15;21;22;25
868;01;02;03;08;09;10;12;13;14;16;17;19;21;22;24
869;01;03;06;09;10;11;12;14;18;20;21;22;23;24;25
870;01;02;04;05;06;07;08;10;12;13;14;16;17;18;23
871;02;04;06;08;09;10;12;13;14;15;17;19;22;23;24
872;01;02;04;05;06;07;09;10;12;13;14;17;18;22;23
873;02;03;06;07;08;09;11;12;13;14;15;17;18;22;25
874;01;02;04;05;06;07;08;09;10;16;19;20;21;23;25
875;02;04;06;08;09;10;12;13;15;18;21;22;23;24;25
876;03;05;06;07;09;12;13;14;16;18;20;21;23;24;25
877;03;07;08;09;10;11;13;14;15;16;18;19;21;23;25
878;01;02;03;05;06;07;10;12;13;14;16;19;22;23;25
879;02;03;04;07;09;10;12;13;15;16;18;21;22;24;25
880;02;05;06;07;08;10;14;16;18;19;21;22;23;24;25
881;01;03;04;05;06;07;08;09;15;16;19;20;21;22;23
882;01;02;07;08;10;11;12;13;14;17;18;19;22;24;25
883;03;05;06;07;08;09;10;12;16;17;18;19;21;22;25
884;01;04;07;08;09;10;12;13;15;17;18;19;20;21;25
885;02;05;07;08;09;11;12;15;16;17;18;19;22;23;24
886;01;03;04;07;08;10;11;12;13;15;16;17;20;21;23
887;01;06;08;10;11;12;15;17;18;19;20;21;23;24;25
888;01;03;06;11;12;13;14;16;17;18;19;20;21;22;24
889;02;04;05;06;07;09;11;12;13;16;18;19;21;22;25
890;01;02;03;04;05;06;07;08;11;16;17;18;19;23;24
891;01;05;06;07;08;12;14;15;16;17;19;21;23;24;25
892;01;02;03;05;06;10;13;14;16;17;19;20;21;22;24
893;01;02;03;04;05;06;08;09;11;15;16;20;22;23;24
894;01;02;05;06;09;12;13;14;15;18;19;21;22;24;25
895;02;03;04;05;06;08;11;12;13;16;17;18;19;21;25
896;01;02;03;04;06;07;08;12;13;15;17;18;19;20;23
897;01;02;05;07;08;09;10;11;13;14;16;17;18;21;23
898;01;04;06;08;09;10;11;12;13;14;18;20;21;24;25
899;01;04;07;09;10;12;14;15;16;17;18;20;21;23;25
900;01;02;06;07;08;10;11;12;13;15;18;20;22;24;25
901;01;02;04;06;07;10;12;13;14;16;18;22;23;24;25
902;01;02;03;04;05;06;08;09;11;17;20;21;23;24;25
903;01;02;03;04;05;06;08;10;11;13;15;16;18;20;22
904;01;05;06;07;09;10;12;13;16;17;18;19;20;22;24
905;01;04;06;08;10;11;12;13;14;16;17;20;21;22;23
906;01;02;03;05;06;07;08;09;10;12;17;18;21;22;24
907;02;03;04;05;07;08;10;13;14;15;16;20;21;22;23
908;01;02;04;06;07;09;10;12;13;15;17;18;23;24;25
909;01;02;03;05;06;07;08;10;11;12;13;18;20;21;22
910;03;04;05;06;08;09;11;13;16;17;18;19;20;24;25
911;01;02;03;05;06;08;11;13;15;17;21;22;23;24;25
912;02;03;04;07;10;14;15;16;17;18;19;20;21;22;23
913;03;04;05;06;10;12;13;15;17;18;19;20;22;24;25
914;01;03;04;05;06;10;11;12;15;17;18;20;22;23;24
915;01;02;04;05;06;08;10;11;13;18;20;22;23;24;25
916;01;02;03;04;05;06;07;11;13;14;17;18;19;23;24
917;01;02;03;04;05;06;11;13;14;17;19;20;21;22;24
918;01;02;03;04;06;08;09;13;14;15;16;17;21;22;23
919;01;02;03;04;05;07;09;10;11;13;14;17;19;21;22
920;01;02;03;04;05;06;10;12;13;15;16;19;20;22;23
921;01;02;03;04;07;09;12;15;16;17;18;19;21;24;25
922;02;04;05;06;08;09;12;15;16;17;20;21;22;23;24
923;01;03;04;05;06;07;10;12;14;15;19;20;22;24;25
924;01;02;06;07;08;09;10;12;14;16;17;18;19;20;24
925;01;03;04;06;07;09;12;13;14;15;16;22;23;24;25
926;01;05;06;07;08;09;10;11;12;13;14;15;19;21;24
927;02;03;05;06;09;11;13;14;16;17;20;21;22;23;25
928;01;04;06;08;09;10;11;12;14;15;17;19;23;24;25
929;01;02;04;05;07;08;09;10;11;14;18;20;21;23;25
930;02;03;05;06;09;11;12;14;15;16;20;22;23;24;25
931;02;03;05;06;08;10;11;12;14;16;19;20;22;24;25
932;01;04;05;08;12;13;14;15;16;18;20;21;22;23;25
933;02;03;04;05;06;07;10;11;14;15;16;17;19;23;24
934;02;03;04;08;09;10;11;14;19;20;21;22;23;24;25
935;01;02;03;04;05;06;07;09;10;12;14;18;19;22;23
936;01;02;03;04;06;07;08;13;15;17;18;19;20;23;25
937;01;02;06;09;10;11;12;13;14;16;19;20;23;24;25
938;02;03;04;06;07;10;11;13;15;16;17;18;19;20;25
939;01;04;05;06;07;09;10;11;15;16;18;19;20;21;25
940;02;03;04;06;07;09;13;14;16;17;18;19;20;24;25
941;01;02;03;04;05;07;08;09;10;11;15;16;18;23;25
942;01;03;04;05;06;07;11;12;13;18;19;20;21;22;24
943;03;04;05;06;09;10;12;13;14;15;17;18;21;22;23
944;01;08;09;10;11;12;13;14;16;17;18;19;21;24;25
945;02;03;04;05;06;09;11;13;18;19;20;21;23;24;25
946;01;07;08;09;10;14;16;17;18;19;20;21;22;24;25
947;01;02;03;05;07;09;10;11;12;15;16;18;20;22;24
948;01;02;05;06;08;09;11;13;16;17;18;19;21;22;24
949;01;06;07;08;09;10;11;12;13;14;15;16;17;21;23
950;02;04;05;07;08;09;12;13;14;17;18;19;20;21;25
951;03;07;08;09;10;13;14;15;17;19;20;21;22;23;25
952;01;03;04;06;08;11;12;14;17;18;19;21;22;23;25
953;01;02;05;06;07;09;10;12;13;14;15;16;18;21;24
954;03;05;06;08;10;11;12;13;14;16;18;20;23;24;25
955;01;02;04;05;07;09;10;11;12;13;14;16;18;21;24
956;02;03;04;05;06;08;11;12;13;16;17;18;19;21;22
957;01;03;04;05;06;07;08;13;15;16;21;22;23;24;25
958;01;04;05;06;09;12;13;14;16;17;19;20;21;22;24
959;02;05;06;09;11;12;14;16;19;20;21;22;23;24;25
960;01;02;03;04;06;07;10;12;14;16;17;18;20;21;24
961;01;02;03;04;05;07;09;11;12;15;18;20;21;22;25
962;01;04;06;08;09;11;13;14;15;17;20;21;22;23;25
963;03;04;06;07;09;10;11;14;15;16;17;18;19;23;24
964;01;02;03;04;07;09;10;11;15;17;18;19;20;21;23
965;03;04;08;09;10;11;13;14;15;16;18;19;21;22;24
966;02;03;04;05;06;07;08;10;11;12;17;19;21;22;25
967;02;03;04;06;08;09;10;11;16;17;20;21;22;23;25
968;02;03;04;05;07;09;11;13;14;16;18;19;20;21;25
969;01;03;04;05;09;10;11;12;16;17;18;19;20;22;24
970;01;03;06;08;09;10;12;15;17;18;19;20;21;23;24
971;03;04;05;06;07;09;10;11;18;20;21;22;23;24;25
972;01;03;06;08;11;13;14;15;16;20;21;22;23;24;25
973;01;02;03;05;06;08;11;14;15;18;20;21;22;24;25
974;01;04;06;07;08;09;10;12;14;15;17;19;21;22;24
975;01;02;04;06;07;10;11;12;13;14;16;17;19;20;24
976;01;02;03;04;06;07;10;11;13;14;19;21;23;24;25
977;01;02;06;07;08;10;11;13;14;17;18;20;22;23;24
978;03;04;05;06;07;08;09;11;12;13;14;15;16;18;25
979;02;05;06;07;08;09;10;14;16;19;21;22;23;24;25
980;01;02;06;07;08;09;10;11;12;13;17;20;21;22;24
981;01;02;03;04;06;08;09;12;16;18;19;21;22;24;25
982;01;03;04;05;06;07;09;13;14;17;18;20;21;23;24
983;02;04;05;06;07;08;10;11;14;15;16;18;19;21;25
984;02;04;08;09;10;11;12;13;15;20;21;22;23;24;25
985;03;04;06;07;09;12;13;14;17;18;21;22;23;24;25
986;01;02;05;07;11;13;14;15;16;18;20;21;22;23;24
987;02;04;05;06;07;09;11;12;13;15;18;19;20;22;23
988;01;03;05;07;09;11;12;13;15;16;17;19;20;24;25
989;03;04;06;08;09;10;13;14;15;17;18;19;22;23;24
990;01;05;06;07;08;10;11;12;13;15;16;19;20;22;24
991;01;02;05;06;07;09;12;14;15;17;18;21;22;24;25
992;01;03;04;05;07;08;09;10;11;13;15;17;19;20;24
993;02;04;05;07;09;10;12;14;17;20;21;22;23;24;25
994;03;05;07;08;09;11;12;13;14;15;16;18;22;23;25
995;01;02;03;04;07;08;09;12;13;14;17;20;22;23;24
996;02;03;04;06;07;09;13;16;17;18;20;21;23;24;25
997;02;04;05;07;09;10;12;15;16;17;18;19;22;23;24
998;01;02;03;04;05;09;11;12;14;17;19;20;21;22;23
999;01;02;05;06;07;08;10;12;13;14;15;16;18;21;24
1000;02;03;04;08;11;12;13;14;15;16;17;18;19;20;22
1001;05;06;07;08;10;11;12;13;14;17;19;20;21;23;25
1002;03;04;08;10;12;13;14;15;16;17;18;20;21;22;24
1003;01;02;03;06;08;10;12;14;16;17;19;20;21;23;25
1004;01;02;03;06;10;12;14;15;18;19;20;21;22;24;25
1005;01;05;07;09;10;12;14;15;16;18;19;20;21;22;24
1006;01;03;04;05;06;07;09;13;14;15;16;20;22;23;24
1007;01;02;03;06;07;09;10;11;12;18;20;22;23;24;25
1008;01;03;06;07;08;09;10;12;13;16;17;18;19;21;22
1009;02;04;06;09;10;11;12;14;15;17;18;19;20;22;24
1010;01;02;04;06;08;10;11;13;14;15;16;19;21;22;23
1011;01;03;04;05;07;09;10;13;15;17;18;19;23;24;25
1012;01;02;07;09;11;12;14;15;16;17;18;21;22;24;25
1013;01;02;03;04;05;07;10;11;13;17;18;19;20;21;23
1014;01;02;08;09;10;12;13;14;17;18;20;22;23;24;25
1015;01;02;03;05;06;07;08;13;15;16;17;18;20;21;23
1016;01;02;03;05;06;11;12;14;15;16;19;20;21;23;25
1017;01;02;03;04;08;09;10;11;12;15;16;17;19;21;23
1018;02;04;05;07;08;10;11;12;14;16;17;18;19;22;24
1019;01;02;03;04;05;07;08;10;12;17;18;20;21;22;23
1020;02;03;05;07;09;11;12;13;15;16;18;19;20;21;24
1021;01;05;06;09;10;13;14;15;16;18;19;20;21;22;23
1022;01;03;04;05;07;08;09;10;14;16;18;21;22;24;25
1023;01;02;03;06;07;08;09;11;13;14;16;18;21;22;23
1024;01;02;04;07;09;10;11;12;13;14;17;20;21;22;23
1025;01;02;07;09;11;13;14;15;16;17;18;19;22;23;25
1026;01;05;06;07;11;12;14;15;16;18;19;20;21;23;24
1027;01;03;05;06;08;09;10;12;14;15;16;19;21;23;25
1028;04;05;06;07;08;09;10;11;16;17;19;20;23;24;25
1029;01;02;03;06;08;11;13;14;17;18;19;22;23;24;25
1030;01;02;03;04;08;09;10;11;15;16;17;18;19;20;23
1031;01;02;04;05;06;09;11;12;14;15;17;19;20;22;24
1032;01;02;03;04;06;08;10;11;13;14;16;17;18;20;23
1033;03;04;06;07;08;12;13;14;16;17;18;21;22;23;24
1034;02;03;04;06;08;10;12;13;14;17;18;19;20;21;23
1035;04;06;07;09;12;13;14;15;18;19;20;21;22;23;25
1036;04;05;07;09;10;11;12;14;17;18;19;20;21;22;24
1037;01;05;06;09;10;11;12;15;17;18;20;21;23;24;25
1038;02;06;07;08;09;10;13;16;17;18;19;20;21;24;25
1039;01;02;03;08;09;12;13;14;15;18;19;20;21;22;24
1040;01;02;04;06;08;09;10;12;13;16;20;21;22;23;25
1041;01;03;05;07;10;12;13;15;17;19;20;21;23;24;25
1042;01;03;06;07;08;09;10;11;14;15;16;19;21;22;24
1043;01;02;06;07;08;09;10;11;12;14;17;18;19;24;25
1044;02;04;05;06;07;08;10;11;12;15;17;20;23;24;25
1045;02;03;05;06;09;11;15;16;17;20;21;22;23;24;25
1046;03;04;05;07;08;11;12;13;14;18;20;21;22;23;25
1047;04;07;08;09;10;11;12;15;16;17;20;21;22;24;25
1048;01;02;03;05;06;07;09;10;15;16;17;18;20;21;25
1049;02;04;05;09;12;14;16;17;18;19;20;21;22;23;25
1050;01;04;06;07;10;12;13;15;16;17;19;21;22;24;25
1051;02;03;04;07;08;10;11;13;14;16;18;20;21;23;25
1052;01;03;04;05;06;08;10;11;16;17;18;20;21;23;24
1053;01;02;03;04;06;11;12;13;14;15;17;18;22;23;24
1054;02;03;04;05;06;09;12;13;15;16;17;18;20;24;25
1055;01;02;03;07;08;09;10;12;13;14;18;22;23;24;25
1056;02;04;05;06;08;09;10;11;14;15;18;19;21;22;23
1057;01;04;06;07;08;09;11;13;14;16;19;20;21;23;25
1058;04;05;06;07;09;12;13;16;17;18;20;21;22;24;25
1059;01;02;03;05;07;08;11;14;15;16;19;20;21;22;24
1060;01;02;04;05;07;08;13;14;15;16;17;20;21;22;23
1061;02;03;05;07;08;09;12;14;15;16;19;21;22;23;24
1062;03;04;05;07;08;09;11;13;15;16;17;19;20;23;25
1063;02;05;06;07;10;12;13;14;15;16;20;21;22;24;25
1064;02;03;07;08;09;10;11;14;15;16;18;19;21;24;25
1065;02;03;04;05;06;12;14;15;17;19;20;21;22;24;25
1066;02;04;05;06;10;11;14;16;17;18;19;21;22;23;24
1067;01;02;03;04;05;07;10;11;13;14;15;17;21;22;25
1068;02;06;07;10;11;13;14;15;16;17;18;20;21;22;24
1069;01;03;04;08;10;11;12;13;15;16;17;22;23;24;25
1070;04;09;10;11;12;13;16;18;19;20;21;22;23;24;25
1071;02;03;04;05;06;10;11;12;13;14;16;17;21;22;24
1072;01;02;03;04;05;07;09;13;14;15;17;20;22;23;25
1073;01;03;04;05;06;07;13;16;17;19;20;21;22;23;24
1074;01;04;07;08;09;10;11;13;17;20;21;22;23;24;25
1075;01;02;06;09;10;12;15;16;17;18;21;22;23;24;25
1076;04;09;10;11;12;13;14;15;16;17;18;20;21;22;25
1077;01;02;05;06;07;08;10;12;13;14;15;19;20;21;24
1078;02;04;05;06;07;09;10;11;13;17;18;21;23;24;25
1079;05;06;07;08;11;13;14;15;16;17;19;20;21;22;24
1080;02;03;05;06;10;11;12;14;15;16;17;21;22;23;25
1081;01;05;06;07;10;12;13;14;15;16;18;19;21;22;23
1082;03;07;09;10;11;13;15;16;17;18;19;21;22;23;24
1083;01;02;03;04;06;11;13;16;17;18;20;21;22;23;24
1084;01;02;03;04;05;06;07;09;10;13;17;18;21;24;25
1085;03;06;07;08;09;10;14;16;18;19;21;22;23;24;25
1086;02;04;05;07;10;12;13;15;17;18;19;21;22;23;24
1087;02;03;04;06;09;12;13;16;17;18;19;20;21;23;24
1088;01;02;03;05;06;07;09;10;12;13;18;19;20;22;23
1089;02;03;04;06;08;12;13;14;15;16;19;21;22;23;24
1090;03;05;08;09;10;11;13;14;15;17;18;20;21;22;24
1091;02;04;05;06;07;09;10;12;13;14;16;20;23;24;25
1092;04;05;08;09;11;12;13;14;15;18;19;20;22;24;25
1093;01;02;04;05;06;09;10;11;13;18;21;22;23;24;25
1094;01;02;03;04;05;06;08;09;10;12;14;16;19;22;25
1095;02;03;05;06;07;09;15;16;17;18;21;22;23;24;25
1096;01;02;04;07;08;10;12;13;14;15;20;21;22;23;25
1097;04;05;06;09;10;12;14;15;16;18;19;20;23;24;25
1098;03;04;05;07;08;10;11;12;14;15;16;18;23;24;25
1099;02;03;06;07;08;11;12;13;14;16;21;22;23;24;25
1100;05;06;07;09;10;11;12;14;15;16;18;19;20;23;24
1101;01;02;03;06;09;10;11;13;15;17;18;19;23;24;25
1102;02;03;05;06;08;12;14;15;18;19;20;21;22;23;24
1103;02;04;05;07;09;10;11;12;14;16;18;20;21;22;25
1104;02;05;06;08;09;11;13;14;15;16;18;19;21;22;23
1105;01;02;04;06;07;09;11;13;15;17;18;20;23;24;25
1106;02;03;04;09;10;11;12;13;14;15;16;19;21;23;24
1107;01;02;04;08;09;10;11;12;14;16;18;19;20;21;24
1108;01;02;04;05;07;08;09;12;13;14;17;21;22;24;25
1109;01;04;05;06;07;08;09;10;11;17;18;19;20;21;25
1110;01;02;03;04;06;09;10;15;17;18;19;20;22;24;25
1111;02;03;04;06;09;11;12;13;14;15;16;22;23;24;25
1112;01;02;03;06;07;08;12;13;15;16;17;18;20;22;24
1113;01;03;06;07;09;12;13;14;15;17;19;20;22;24;25
1114;01;02;03;04;05;06;08;10;11;12;15;18;19;20;22
1115;02;03;07;08;09;10;11;12;17;18;20;22;23;24;25
1116;01;02;03;04;05;06;09;12;15;17;18;21;22;24;25
1117;01;02;03;05;07;08;11;12;13;14;15;16;19;21;23
1118;01;02;05;06;08;10;11;13;14;15;20;21;23;24;25
1119;01;02;03;05;06;07;08;10;12;14;15;17;18;20;23
1120;02;04;05;06;08;09;10;12;13;14;16;17;18;19;24
1121;01;02;04;05;06;08;09;11;12;17;18;20;22;23;25
1122;02;03;07;10;11;12;13;14;16;19;20;21;23;24;25
1123;02;04;06;07;08;10;11;13;15;16;17;19;22;23;24
1124;01;03;04;05;06;08;10;12;13;15;19;21;22;24;25
1125;01;03;04;06;09;11;12;13;15;16;17;18;21;22;25
1126;03;05;06;07;08;12;13;16;17;18;19;22;23;24;25
1127;01;03;04;06;08;09;11;13;14;15;16;17;22;23;24
1128;01;02;03;04;06;07;10;11;12;14;16;17;20;24;25
1129;02;03;04;05;07;08;12;13;16;17;18;19;21;22;23
1130;01;02;05;08;10;11;12;13;14;15;17;20;22;24;25
1131;02;03;04;06;12;14;15;16;17;19;20;21;22;24;25
1132;01;02;06;07;08;09;11;12;13;14;17;21;22;23;24
1133;02;04;05;06;07;08;09;10;12;13;14;16;18;24;25
1134;01;02;04;08;10;11;12;13;14;15;17;18;20;23;25
1135;03;04;05;08;09;10;12;15;16;17;18;19;23;24;25
1136;01;02;05;06;07;09;10;11;15;17;18;19;21;22;24
1137;02;04;05;07;08;09;10;11;12;15;19;20;21;23;25
1138;01;02;03;05;06;07;10;11;13;15;16;18;20;21;22
1139;01;02;03;06;11;13;14;15;16;17;18;19;21;22;25
1140;03;04;05;06;07;08;10;15;18;19;20;21;23;24;25
1141;05;06;09;10;11;12;13;15;16;17;18;22;23;24;25
1142;02;04;07;08;09;10;12;13;15;16;19;20;22;23;24
1143;01;03;04;06;10;11;12;13;14;16;17;18;23;24;25
1144;02;03;04;06;07;08;10;13;14;17;18;19;23;24;25
1145;03;04;05;06;08;09;11;13;14;15;16;17;18;23;24
1146;02;03;04;05;07;11;13;15;17;18;19;21;22;24;25
1147;01;06;07;08;09;11;12;14;15;16;18;19;20;22;25
1148;01;03;04;05;06;09;10;13;14;16;17;18;19;20;24
1149;01;02;03;06;07;08;10;12;15;17;18;19;21;22;23
1150;05;07;08;09;11;12;13;14;15;17;18;20;22;23;24
1151;01;03;07;09;10;11;12;14;15;16;20;21;22;24;25
1152;03;04;05;07;08;09;10;12;16;18;19;20;21;22;25
1153;01;02;03;05;06;08;09;12;13;15;18;19;20;24;25
1154;01;03;04;05;10;11;13;15;16;17;19;21;23;24;25
1155;01;02;03;04;08;09;12;13;15;16;18;19;22;24;25
1156;01;03;04;06;07;11;12;13;14;15;17;21;22;24;25
1157;02;04;05;06;07;08;11;12;13;15;16;18;21;22;24
1158;02;03;05;07;10;13;14;15;16;17;19;20;22;24;25
1159;01;02;03;04;06;08;09;14;15;16;17;22;23;24;25
1160;02;04;05;06;07;08;10;11;15;16;17;18;21;22;25
1161;01;02;04;05;06;08;10;11;15;17;18;19;22;24;25
1162;01;03;04;07;09;11;13;15;18;19;20;21;23;24;25
1163;02;06;07;09;11;12;13;14;16;17;19;20;21;23;24
1164;03;04;05;08;10;11;13;15;17;20;21;22;23;24;25
1165;01;02;03;05;08;09;10;12;15;17;18;19;21;22;25
1166;02;04;05;06;09;10;12;14;15;17;18;19;20;21;24
1167;01;02;04;05;07;08;09;11;12;14;15;16;18;21;23
1168;01;03;04;05;07;08;09;10;11;13;16;19;23;24;25
1169;02;03;04;07;08;09;12;15;16;17;18;21;22;24;25
1170;01;02;04;07;08;10;13;15;16;18;19;20;21;22;25
1171;01;07;08;11;12;13;14;15;16;17;18;20;21;22;23
1172;02;06;08;09;10;11;12;13;14;16;19;20;23;24;25
1173;01;02;04;05;07;08;09;11;14;16;18;19;20;21;22
1174;01;02;03;05;06;08;09;10;11;13;15;17;18;19;23
1175;01;03;04;08;10;12;13;14;15;19;20;21;23;24;25
1176;02;03;05;07;10;11;12;13;15;16;18;19;20;23;25
1177;02;03;05;06;08;09;10;11;12;16;17;20;22;23;25
1178;01;04;07;08;09;11;12;16;17;18;19;20;21;23;24
1179;01;02;03;05;06;07;08;09;13;15;18;19;20;21;25
1180;01;02;06;07;08;09;10;11;13;14;15;19;20;22;23
1181;03;04;05;06;07;08;09;11;13;14;20;21;22;23;24
1182;03;06;07;08;10;12;13;16;18;19;20;21;22;24;25
1183;01;03;04;09;11;13;14;15;16;18;19;20;22;24;25
1184;02;04;06;07;10;11;12;14;16;17;18;19;20;21;25
1185;03;05;06;07;09;13;14;16;18;19;21;22;23;24;25
1186;01;02;04;05;06;09;11;14;15;16;18;20;22;23;24
1187;01;02;04;07;08;10;11;12;14;16;19;21;22;23;25
1188;01;02;04;05;06;08;10;12;13;14;18;20;22;23;24
1189;03;04;05;08;09;12;13;14;15;17;18;19;20;21;25
1190;02;03;04;06;09;10;11;14;15;16;17;21;22;23;25
1191;01;02;03;05;07;10;12;13;14;16;17;18;22;24;25
1192;01;02;03;04;05;06;09;11;12;13;15;16;19;20;21
1193;01;04;07;08;09;10;13;14;15;18;19;20;22;23;25
1194;02;04;08;09;10;12;15;16;17;18;19;22;23;24;25
1195;01;05;06;09;10;11;12;14;15;17;18;19;20;22;25
1196;01;02;04;06;07;08;09;11;12;16;17;18;19;20;23
1197;01;04;05;06;07;08;11;13;14;16;17;18;20;24;25
1198;01;03;04;06;07;09;10;11;15;17;20;21;22;23;25
1199;01;02;03;04;05;06;10;14;15;16;19;21;22;24;25
1200;03;04;05;06;07;08;10;11;12;14;15;16;22;24;25
1201;05;06;09;10;11;14;16;18;19;20;21;22;23;24;25
1202;02;03;04;08;10;13;14;16;17;18;19;20;23;24;25
1203;01;02;03;05;06;11;12;13;14;15;17;22;23;24;25
1204;01;02;05;07;08;09;12;13;15;16;19;20;21;22;23
1205;01;03;06;08;09;11;12;14;17;18;20;21;22;24;25
1206;01;03;05;07;10;11;13;14;15;18;21;22;23;24;25
1207;01;03;04;07;09;10;11;12;13;14;15;18;19;21;24
1208;01;02;03;04;05;10;11;14;15;18;19;20;22;24;25
1209;03;04;05;07;08;09;10;11;14;15;16;18;19;20;24
1210;01;02;04;08;10;11;13;15;16;18;19;20;21;22;25
1211;01;02;03;05;07;10;11;12;13;15;16;17;20;23;24
1212;01;02;03;05;06;07;08;09;10;15;16;17;18;20;24
1213;02;03;05;06;07;08;09;10;14;17;18;20;23;24;25
1214;01;02;03;04;05;07;08;09;13;14;18;19;20;21;23
1215;03;07;09;11;12;13;14;15;16;17;18;20;21;22;24
1216;01;02;03;07;10;12;14;15;17;18;20;21;22;23;24
1217;01;03;06;07;08;09;10;11;12;13;17;19;20;24;25
1218;01;02;03;04;05;07;09;10;11;13;14;18;20;21;23
1219;02;03;04;05;06;08;09;10;14;16;19;20;22;23;25
1220;02;03;04;05;06;07;09;13;14;17;18;19;20;23;25
1221;02;03;04;06;09;10;12;14;15;18;19;21;22;23;24
1222;01;02;03;04;05;08;09;10;11;13;15;17;20;22;24
1223;02;06;07;08;09;10;13;14;16;17;18;20;21;22;23
1224;01;02;04;05;06;08;09;11;12;14;15;16;17;18;19
1225;02;03;05;07;11;13;14;15;17;18;20;21;23;24;25
1226;01;03;05;07;08;10;11;14;15;17;19;21;22;23;24
1227;01;02;07;08;09;10;11;12;13;14;17;19;21;22;25
1228;01;02;03;04;06;07;09;10;12;13;17;20;22;23;24
1229;01;02;03;05;06;07;08;13;14;17;19;20;22;24;25
1230;01;02;03;05;06;07;08;10;11;12;13;17;18;19;21
1231;01;03;04;05;07;08;12;13;15;16;18;20;21;22;25
1232;02;03;05;06;09;10;13;14;15;16;19;21;23;24;25
1233;01;04;05;09;10;13;14;15;16;17;18;19;22;23;25
1234;01;02;05;08;09;10;14;16;17;18;19;20;21;24;25
1235;01;02;03;04;06;09;10;11;12;13;15;17;18;20;24
1236;01;02;03;05;06;07;09;10;11;12;13;17;19;23;25
1237;03;05;06;07;08;09;10;12;13;14;18;21;22;24;25
1238;02;03;05;07;08;09;11;13;14;15;16;17;18;21;25
1239;05;06;08;09;10;11;12;13;14;15;16;18;20;22;24
1240;01;02;03;04;05;06;09;12;13;16;18;19;20;22;24
1241;01;04;05;08;09;10;11;12;13;15;17;20;22;24;25
1242;01;02;04;05;07;11;14;15;16;19;20;21;23;24;25
1243;01;02;04;05;06;08;12;13;14;15;16;17;22;24;25
1244;01;03;05;07;09;10;11;12;13;16;17;19;21;23;25
1245;02;03;04;05;06;08;09;11;15;16;17;18;19;21;25
1246;01;04;07;08;09;10;12;13;16;17;18;19;22;24;25
1247;02;03;07;08;09;11;15;16;17;18;19;20;23;24;25
1248;01;03;05;10;11;12;13;15;16;17;19;20;22;24;25
1249;03;04;05;06;09;12;13;14;15;18;19;20;22;24;25
1250;02;03;04;05;07;09;10;14;15;17;18;19;20;24;25
1251;02;06;07;08;09;10;14;15;16;17;19;20;21;23;25
1252;01;03;04;05;06;08;09;10;11;12;15;20;21;23;24
1253;01;02;03;05;06;07;11;15;16;18;20;22;23;24;25
1254;02;03;08;09;11;12;14;15;16;17;18;20;21;22;23
1255;01;02;04;06;07;09;10;13;14;16;18;20;21;23;25
1256;01;02;06;08;10;11;12;13;14;15;16;18;19;22;23
1257;01;02;05;06;08;10;11;12;13;14;16;19;20;22;25
1258;02;03;04;05;06;08;09;10;12;13;14;20;21;23;25
1259;02;05;08;09;10;13;14;16;17;18;19;20;22;23;25
1260;01;02;03;04;05;06;07;11;14;15;17;18;20;22;24
1261;01;04;05;07;10;12;15;16;17;18;19;20;21;22;25
1262;01;03;04;06;08;11;12;13;16;17;20;21;22;23;24
1263;03;04;05;08;09;10;11;12;13;16;18;20;22;23;25
1264;01;04;05;08;10;11;12;14;17;18;21;22;23;24;25
1265;01;02;03;04;07;11;13;14;15;16;19;22;23;24;25
1266;01;02;03;05;06;08;09;10;11;13;14;15;20;23;24
1267;02;03;05;06;07;09;11;12;13;15;16;17;18;22;25
1268;01;02;03;06;07;08;11;12;13;15;17;18;21;22;24
1269;01;04;05;07;08;11;13;14;16;17;18;20;21;22;23
1270;01;02;03;04;05;06;08;09;10;11;13;20;21;23;25
1271;01;02;04;06;08;09;11;12;13;14;17;18;23;24;25
1272;01;04;07;09;10;14;15;17;18;19;20;21;23;24;25
1273;01;03;05;06;08;11;12;13;14;15;18;19;20;22;24
1274;01;03;07;08;10;11;12;13;14;15;18;19;20;22;25
1275;03;06;07;08;10;11;13;14;15;16;17;18;20;23;25
1276;01;03;05;07;10;12;14;15;16;18;19;21;22;23;24
1277;01;02;03;04;06;09;10;12;13;15;17;18;21;22;25
1278;04;06;07;09;10;12;15;16;17;18;19;20;21;22;24
1279;01;03;04;07;08;09;11;12;13;14;16;18;19;21;23
1280;01;03;04;05;07;09;11;14;15;17;19;22;23;24;25
1281;01;03;05;06;08;09;12;13;15;19;21;22;23;24;25
1282;05;06;07;09;10;11;12;14;17;19;20;21;22;23;25
1283;02;06;07;08;09;10;11;12;13;15;16;17;18;22;23
1284;02;04;05;07;08;10;11;13;16;17;18;20;22;23;25
1285;01;02;06;07;10;11;12;15;16;17;18;20;22;24;25
1286;01;03;04;05;07;10;11;12;16;17;19;20;21;23;25
1287;03;04;05;06;09;11;13;17;18;19;21;22;23;24;25
1288;01;02;05;09;10;13;15;16;17;18;19;20;23;24;25
1289;01;02;05;07;08;11;13;15;16;17;18;20;22;24;25
1290;01;03;04;05;06;11;13;14;16;19;20;21;22;23;25
1291;01;06;07;08;10;11;12;13;15;16;18;19;20;21;24
1292;01;02;03;07;08;10;11;14;15;17;19;22;23;24;25
1293;01;02;07;08;09;10;11;12;13;15;17;18;20;22;24
1294;02;05;06;07;08;10;11;12;13;14;16;18;20;23;25
1295;03;06;09;10;11;12;13;14;15;17;18;19;23;24;25
1296;05;07;09;10;11;14;15;16;17;18;19;20;21;23;25
1297;01;02;05;06;07;08;09;10;11;12;16;17;18;19;22
1298;02;03;04;06;07;09;12;17;18;20;21;22;23;24;25
1299;01;03;05;07;08;11;13;17;18;19;20;21;22;23;25
1300;02;06;07;09;10;11;12;13;14;15;18;20;23;24;25
1301;01;02;03;04;06;07;09;10;14;16;17;19;22;24;25
1302;03;04;06;09;11;12;13;14;15;16;17;18;20;22;25
1303;01;05;08;09;10;11;13;14;15;16;18;19;20;22;23
1304;01;02;03;07;08;10;11;13;14;17;18;19;20;21;25
1305;02;03;04;05;06;07;08;11;12;13;15;17;20;23;25
1306;01;02;05;06;07;09;12;13;14;15;18;19;20;22;23
1307;03;04;06;08;09;10;12;13;14;15;16;18;20;21;23
1308;03;05;06;07;08;09;11;14;16;17;19;20;22;23;25
1309;02;04;05;06;08;10;12;13;14;16;18;19;20;24;25
1310;01;02;03;04;05;07;08;10;11;15;17;18;19;21;23
1311;02;03;05;06;08;10;11;12;14;15;17;18;20;23;25
1312;01;02;04;05;06;07;09;11;13;18;19;20;23;24;25
1313;01;04;08;10;11;13;15;16;17;20;21;22;23;24;25
1314;03;05;08;09;10;11;14;15;16;18;19;21;22;24;25
1315;01;02;03;04;05;08;10;11;12;14;16;18;19;23;25
1316;01;02;03;04;05;06;11;12;15;17;19;20;23;24;25
1317;01;03;05;07;08;09;10;11;14;16;20;22;23;24;25
1318;01;02;03;04;06;07;08;09;12;13;14;15;17;20;23
1319;03;05;06;08;09;10;11;13;14;15;17;19;22;23;25
1320;02;03;04;05;09;11;12;13;15;16;17;21;22;23;25
1321;02;03;04;06;07;09;10;11;13;14;18;19;20;23;24
1322;01;02;06;07;08;09;11;13;15;16;17;18;21;24;25
1323;01;04;05;06;09;10;11;13;14;17;19;20;21;22;23
1324;01;04;05;06;07;08;10;11;13;17;18;19;21;24;25
1325;02;03;05;06;07;09;10;14;15;16;18;19;20;21;25
1326;01;03;04;06;08;09;10;17;18;19;20;21;22;24;25
1327;01;03;04;05;07;10;13;14;16;17;18;20;22;23;25
1328;02;05;06;08;09;10;13;15;16;17;21;22;23;24;25
1329;02;03;04;05;07;10;11;13;15;16;18;22;23;24;25
1330;04;05;07;10;12;13;16;17;18;19;20;22;23;24;25
1331;01;02;03;05;06;07;10;11;14;15;16;18;23;24;25
1332;01;04;05;06;08;11;12;13;14;15;16;18;20;21;24
1333;03;04;05;07;08;09;10;11;12;14;17;18;20;22;24
1334;03;04;06;07;09;10;11;13;15;16;17;18;19;21;22
1335;01;03;04;06;07;09;10;11;13;16;17;18;23;24;25
1336;06;08;09;10;11;12;13;14;15;17;18;19;20;22;24
1337;01;03;05;06;08;09;10;12;13;15;16;19;21;23;25
1338;01;02;03;04;06;07;10;11;12;13;14;15;16;17;19
1339;02;03;04;05;06;07;08;11;13;14;16;20;21;23;24
1340;01;02;04;05;07;09;10;12;13;14;16;17;18;19;22
1341;01;03;04;08;09;10;13;14;15;16;17;20;21;23;24
1342;01;02;03;05;09;10;11;12;13;15;20;21;23;24;25
1343;02;04;05;09;10;11;13;14;15;16;17;19;21;23;24
1344;02;04;06;07;08;10;11;12;13;17;18;21;23;24;25
1345;01;03;07;08;09;10;11;14;15;17;19;21;22;24;25
1346;02;03;05;07;08;10;11;14;15;18;19;20;21;23;25
1347;01;03;05;06;07;08;10;12;13;14;17;18;20;23;24
1348;01;02;06;07;08;09;10;14;15;18;20;21;22;24;25
1349;02;03;04;05;06;07;08;12;14;16;18;19;21;24;25
1350;01;05;06;08;09;11;12;13;14;16;18;19;20;21;23
1351;02;04;06;07;10;11;13;17;19;20;21;22;23;24;25
1352;06;08;10;11;12;13;14;15;16;19;20;21;23;24;25
1353;03;05;07;08;09;10;11;12;14;18;21;22;23;24;25
1354;01;02;03;05;07;09;11;12;13;14;15;18;20;21;24
1355;01;02;03;04;06;07;08;11;15;16;18;20;21;22;24
1356;03;04;06;08;09;10;11;12;13;14;15;16;17;19;20
1357;03;07;08;09;10;11;12;13;15;17;18;20;21;22;23
1358;01;02;03;04;06;08;09;13;15;17;18;19;20;22;23
1359;03;05;07;08;09;11;13;14;15;16;17;18;20;21;23
1360;01;02;03;04;05;06;08;10;11;12;14;18;20;23;24
1361;01;04;05;11;12;13;14;15;16;17;18;19;20;23;25
1362;01;03;04;06;09;10;11;12;13;16;21;22;23;24;25
1363;05;07;09;10;12;13;14;15;16;17;19;20;21;22;23
1364;01;06;09;10;11;12;13;15;16;17;18;20;22;24;25
1365;02;03;06;09;10;12;14;15;19;20;21;22;23;24;25
1366;04;08;09;10;11;12;13;14;15;16;17;21;22;24;25
1367;02;03;04;05;06;07;09;14;15;16;17;18;20;23;24
1368;05;07;08;10;11;12;14;16;18;19;20;22;23;24;25
1369;03;04;05;09;10;11;12;13;14;16;17;18;21;22;24
1370;02;04;05;07;08;11;13;14;17;18;20;21;22;24;25
1371;03;04;05;07;13;15;17;18;19;20;21;22;23;24;25
1372;01;02;03;05;07;09;10;13;15;16;17;18;21;23;25
1373;01;02;03;04;05;06;07;08;12;17;18;20;21;23;24
1374;02;03;04;05;06;09;10;14;15;16;19;20;21;23;25
1375;01;05;06;09;10;11;14;15;16;18;20;22;23;24;25
1376;01;03;04;05;06;12;13;14;15;16;18;19;20;22;24
1377;01;05;06;08;09;10;12;13;15;17;19;20;21;22;25
1378;01;02;03;06;08;10;12;13;17;19;20;21;23;24;25
1379;01;02;04;05;07;08;09;10;12;14;15;17;18;21;22
1380;03;04;05;06;08;11;12;14;15;16;17;21;22;24;25
1381;01;04;06;08;09;10;12;13;14;16;17;18;19;21;25
1382;01;06;10;12;13;14;15;16;17;18;19;20;21;22;24
1383;02;06;07;08;09;13;14;15;16;17;20;21;22;24;25
1384;03;04;06;08;09;11;12;13;15;18;19;20;22;24;25
1385;04;05;08;09;10;11;12;13;14;15;17;18;19;20;23
1386;01;02;03;04;07;09;13;16;17;18;19;21;22;24;25
1387;01;03;04;05;06;07;09;11;12;13;14;15;16;18;24
1388;01;03;05;07;08;10;11;12;15;18;19;20;21;23;25
1389;01;02;04;05;06;08;10;12;14;15;16;17;18;20;21
1390;03;05;06;07;08;11;13;14;15;16;17;18;20;21;23
1391;01;03;05;06;10;11;12;15;16;17;19;20;21;24;25
1392;01;02;03;04;08;09;14;15;16;17;18;20;21;22;25
1393;03;04;05;07;09;10;11;12;13;14;17;18;20;22;23
1394;03;04;05;06;09;10;11;14;15;16;18;19;21;22;23
1395;05;06;07;08;11;12;13;14;16;17;18;19;22;23;25
1396;03;05;06;07;10;12;13;17;18;19;20;22;23;24;25
1397;01;03;04;05;06;08;09;11;12;13;14;18;21;22;25
1398;01;04;05;06;07;08;11;14;15;16;19;20;21;24;25
1399;04;05;06;08;09;12;13;14;15;17;19;21;22;24;25
1400;01;02;03;05;06;09;10;12;16;19;21;22;23;24;25
1401;01;03;04;05;06;07;08;14;15;18;19;21;22;24;25
1402;02;03;04;05;08;09;11;12;14;15;16;19;20;21;23
1403;03;04;05;08;09;10;11;12;13;15;16;17;21;23;25
1404;01;02;03;04;08;10;11;13;15;16;18;19;21;22;25
1405;02;03;04;07;09;10;11;14;15;16;18;19;20;23;24
1406;02;03;04;05;06;09;11;13;15;19;20;21;22;24;25
1407;01;02;04;05;06;07;10;12;13;20;21;22;23;24;25
1408;01;03;05;08;10;11;12;13;14;19;21;22;23;24;25
1409;01;02;04;06;07;08;11;12;14;16;17;19;22;24;25
1410;02;03;04;05;06;07;09;10;14;15;16;17;20;21;23
1411;01;05;06;07;08;09;10;12;13;14;15;16;17;21;23
1412;05;06;07;09;11;13;15;16;18;19;21;22;23;24;25
1413;02;03;04;05;06;07;08;09;10;13;16;17;18;21;25
1414;02;03;04;05;07;09;10;11;13;14;16;17;20;21;23
1415;02;04;05;06;10;12;13;15;17;18;19;22;23;24;25
1416;03;04;05;07;08;09;10;12;14;15;17;18;19;20;24
1417;01;02;03;04;06;07;09;11;13;14;15;18;19;22;23
1418;02;04;06;09;10;11;13;14;15;17;18;20;21;22;23
1419;02;03;06;07;11;12;15;16;17;18;19;20;21;23;24
1420;01;04;06;07;08;10;13;14;15;16;17;20;22;23;25
1421;03;05;06;07;08;09;11;12;14;17;18;19;20;23;24
1422;01;04;05;07;10;11;13;14;15;16;17;19;22;23;24
1423;01;02;04;05;07;08;11;12;13;14;15;16;19;22;23
1424;02;04;05;06;08;09;10;11;13;17;18;20;21;23;25
1425;01;03;04;05;08;09;11;12;13;14;16;19;20;21;25
1426;02;03;04;07;08;10;12;14;15;16;18;22;23;24;25
1427;01;02;07;10;11;12;14;15;16;17;18;19;20;22;25
1428;02;03;04;05;06;08;09;13;17;18;19;20;21;22;25
1429;05;07;08;09;10;12;13;14;15;16;18;19;20;21;25
1430;01;03;04;05;07;08;09;13;15;16;20;21;22;23;25
1431;01;02;07;08;09;10;12;14;15;16;17;19;20;23;25
1432;01;03;04;05;10;11;12;16;17;18;20;21;23;24;25
1433;03;06;07;09;10;12;14;15;16;18;20;22;23;24;25
1434;03;04;05;06;07;09;10;12;13;15;18;19;22;23;24
1435;01;02;03;04;05;06;09;10;12;16;17;19;20;21;23
1436;01;02;03;05;06;08;11;12;15;17;18;19;22;23;24
1437;02;04;05;06;07;08;09;11;13;14;17;19;20;23;25
1438;01;04;07;08;09;10;11;12;14;15;17;20;21;22;24
1439;01;02;03;05;11;12;13;14;15;16;17;18;19;22;24
1440;02;03;08;10;12;13;14;16;17;18;20;21;22;24;25
1441;01;03;04;05;06;07;09;10;11;13;16;19;22;23;25
1442;01;02;03;04;07;09;11;12;13;15;16;17;19;20;21
1443;01;02;03;05;07;08;09;10;11;12;14;15;16;17;24
1444;01;02;04;05;06;09;10;11;14;15;17;18;20;21;24
1445;01;04;05;06;08;10;13;15;16;17;18;20;22;23;25
1446;01;04;06;07;08;12;13;16;17;20;21;22;23;24;25
1447;01;03;04;05;08;11;12;13;17;18;19;21;22;24;25
1448;01;03;04;05;06;08;12;13;16;18;19;21;22;23;24
1449;01;03;04;05;06;07;08;09;11;15;16;20;22;23;24
1450;01;02;04;05;08;09;10;13;14;16;17;19;20;22;24
1451;01;02;03;05;10;12;13;14;15;19;20;21;23;24;25
1452;02;05;07;08;10;11;13;14;15;17;20;21;23;24;25
1453;01;02;05;08;09;10;13;14;15;16;19;21;23;24;25
1454;01;03;04;07;10;12;13;14;18;19;20;21;22;23;25
1455;02;05;07;08;14;15;16;17;18;19;20;21;22;23;25
1456;01;02;06;07;08;09;12;13;14;15;19;20;21;24;25
1457;01;02;03;04;07;08;09;10;11;13;14;15;18;23;24
1458;01;02;03;05;07;09;11;14;17;18;19;20;22;23;24
1459;01;04;06;09;10;12;13;14;16;17;18;19;20;24;25
1460;01;03;05;07;11;14;15;16;17;18;19;20;21;24;25
1461;02;04;05;06;09;10;11;15;17;18;19;21;23;24;25
1462;01;03;04;05;07;09;12;13;14;16;17;20;21;24;25
1463;03;04;06;07;10;11;13;14;15;17;19;20;22;23;24
1464;01;04;09;10;11;12;13;14;15;16;17;18;22;23;24
1465;02;05;07;08;09;10;12;14;16;19;20;21;22;23;24
1466;02;03;04;06;10;11;12;14;19;20;21;22;23;24;25
1467;01;04;05;06;09;10;11;12;19;20;21;22;23;24;25
1468;02;03;05;06;08;11;12;13;14;18;19;20;21;23;24
1469;01;02;03;05;06;07;08;09;11;13;16;17;18;19;20
1470;02;03;07;08;11;12;13;14;15;18;20;21;22;23;24
1471;01;02;04;06;07;08;10;11;13;15;18;20;21;22;24
1472;02;03;04;05;07;08;10;12;13;14;18;21;22;23;24
1473;01;04;05;07;08;09;10;12;14;16;20;22;23;24;25
1474;01;02;05;07;08;10;11;13;14;15;18;19;20;21;25
1475;01;02;03;05;06;09;10;12;13;15;18;20;21;24;25
1476;02;04;05;06;07;09;10;12;13;14;16;19;21;22;25
1477;01;02;03;04;05;06;07;10;12;15;17;18;21;22;23
1478;02;05;06;07;10;11;12;15;16;17;18;19;21;24;25
1479;02;03;05;06;09;11;13;14;15;16;17;18;20;22;23
1480;01;06;07;10;11;12;13;15;16;17;19;20;21;22;25
1481;02;03;05;07;08;09;11;17;18;19;20;21;23;24;25
1482;01;02;04;05;07;08;09;10;11;12;14;15;19;23;24
1483;03;04;05;06;07;09;11;13;14;15;17;20;21;22;23
1484;01;02;03;04;06;07;09;10;12;17;18;19;21;22;25
1485;01;02;03;05;08;09;11;13;15;17;18;19;23;24;25
1486;02;04;05;08;09;10;12;14;18;19;20;21;22;23;25
1487;01;02;03;04;05;06;10;11;12;15;16;19;21;22;25
1488;01;04;05;06;10;11;12;13;16;19;20;21;23;24;25
1489;02;04;07;08;09;10;12;13;14;15;19;20;22;23;25
1490;01;03;04;05;07;08;09;11;13;14;15;18;19;20;22
1491;02;04;05;06;07;09;11;13;14;19;20;22;23;24;25
1492;02;03;04;05;07;08;10;12;15;16;17;18;19;24;25
1493;02;05;08;10;11;13;14;15;16;19;20;21;23;24;25
1494;01;02;03;04;09;10;11;12;13;15;17;19;20;22;25
1495;01;02;03;04;05;08;10;12;13;14;18;22;23;24;25
1496;02;03;06;07;09;10;11;12;13;15;17;19;20;23;25
1497;01;02;05;07;11;12;13;14;15;16;17;18;19;22;23
1498;04;05;07;08;10;11;14;15;16;17;18;21;23;24;25
1499;01;02;03;04;05;07;08;12;13;14;15;18;19;23;24
1500;01;02;03;05;07;10;11;12;13;15;17;18;19;20;22
1501;01;06;07;08;09;10;11;13;16;17;18;21;22;24;25
1502;01;02;03;04;05;07;11;12;13;15;17;18;20;22;24
1503;01;02;03;07;12;15;16;17;18;20;21;22;23;24;25
1504;01;04;05;07;08;11;12;14;17;18;19;21;23;24;25
1505;01;02;03;06;07;11;14;16;17;18;19;20;22;24;25
1506;03;04;05;08;09;10;13;14;17;18;19;20;21;22;24
1507;01;02;03;04;05;08;10;11;13;14;17;19;21;23;24
1508;01;03;07;08;09;10;11;12;14;17;19;21;22;23;24
1509;01;02;03;06;07;08;09;13;14;15;17;18;19;22;24
1510;01;03;04;07;08;09;10;11;12;13;15;18;19;22;24
1511;02;04;05;08;09;10;11;12;13;15;19;20;21;23;24
1512;02;03;04;06;10;11;12;13;15;16;17;19;21;22;24
1513;03;04;06;07;09;10;11;12;13;14;16;18;21;22;24
1514;03;04;05;07;08;11;12;13;15;16;17;19;20;21;24
1515;01;02;03;05;08;09;11;12;13;16;17;18;19;20;23
1516;01;02;06;07;10;11;12;14;16;18;19;20;22;23;24
1517;02;03;05;08;10;11;12;14;15;18;20;21;23;24;25
1518;02;03;04;05;07;08;11;12;14;16;17;20;22;24;25
1519;01;04;06;08;13;14;16;17;18;20;21;22;23;24;25
1520;01;02;04;08;09;10;12;13;14;16;17;18;19;24;25
1521;01;02;03;04;05;07;08;12;14;15;17;19;20;23;24
1522;01;08;09;10;11;13;14;15;16;18;19;20;21;23;24
1523;03;05;06;07;09;10;12;13;14;16;18;19;21;23;25
1524;01;03;05;06;07;08;09;10;13;14;20;22;23;24;25
1525;01;02;04;05;08;10;12;14;15;18;19;20;21;22;25
1526;05;07;08;09;10;11;13;15;17;18;20;21;22;23;25
1527;01;02;03;05;06;07;09;10;14;15;20;21;22;24;25
1528;01;02;04;05;06;08;09;10;17;18;20;21;23;24;25
1529;02;03;04;05;08;11;13;14;16;17;18;19;20;21;24
1530;02;04;05;07;09;10;12;14;15;16;18;20;22;23;24
1531;01;02;03;04;07;08;10;11;13;14;15;19;22;23;24
1532;01;02;03;08;09;10;11;12;13;14;17;18;20;22;25
1533;01;03;04;06;07;11;12;13;14;15;16;19;20;21;24
1534;01;04;05;08;09;10;11;12;13;14;16;17;19;21;24
1535;03;04;05;07;08;12;13;15;17;18;21;22;23;24;25
1536;01;03;05;06;07;08;09;10;11;12;13;19;20;23;25
1537;01;02;03;04;10;11;13;14;15;17;18;20;21;22;24
1538;02;04;05;07;08;09;10;13;14;15;17;18;19;21;23
1539;01;03;04;08;11;12;13;14;16;17;18;19;20;21;25
1540;01;02;03;07;09;10;11;12;14;15;16;17;19;22;23
1541;02;03;04;05;07;11;13;14;15;18;19;20;21;22;25
1542;02;03;05;07;08;10;11;13;15;16;17;20;21;22;24
1543;01;02;06;07;08;09;12;13;15;17;19;20;23;24;25
1544;01;02;04;07;08;09;11;12;14;16;17;21;22;23;24
1545;03;05;07;08;10;11;12;15;16;17;20;22;23;24;25
1546;01;03;06;07;08;10;11;14;15;18;19;20;22;24;25
1547;01;02;05;06;08;09;10;11;13;15;17;18;19;21;25
1548;02;03;04;09;10;11;12;14;15;17;18;20;21;22;23
1549;01;02;03;04;05;07;08;10;11;13;18;20;23;24;25
1550;03;04;05;07;08;13;14;15;16;17;20;22;23;24;25
1551;01;03;05;07;08;11;13;14;15;17;19;20;22;23;25
1552;02;03;07;08;09;12;14;15;16;19;20;21;22;24;25
1553;01;02;04;08;09;11;12;13;15;17;18;19;21;22;25
1554;01;03;04;05;07;08;09;10;13;14;16;18;19;24;25
1555;01;02;06;08;09;10;12;13;14;16;18;20;22;23;25
1556;01;02;03;05;06;08;12;15;16;17;19;21;22;23;25
1557;02;03;04;05;06;09;12;16;17;18;20;21;22;24;25
1558;01;02;04;05;06;09;11;14;15;16;17;18;21;22;25
1559;03;04;05;06;07;09;10;11;14;16;18;19;20;23;25
1560;01;02;03;04;05;07;08;09;11;14;17;18;20;24;25
1561;03;05;06;07;08;12;13;15;16;18;20;21;22;24;25
1562;01;02;03;04;05;06;07;08;09;11;12;14;16;17;18
1563;01;02;03;05;06;09;10;12;13;17;18;20;21;22;23
1564;03;04;06;08;09;11;12;13;16;17;18;19;20;21;24
1565;01;03;06;07;08;09;10;11;12;13;15;17;18;24;25
1566;01;02;04;05;07;08;09;13;14;15;16;19;23;24;25
1567;02;03;05;07;09;10;11;12;14;15;17;18;19;21;24
1568;01;02;03;04;06;07;10;11;13;16;17;19;21;22;24
1569;02;04;08;09;10;12;13;14;16;18;20;21;23;24;25
1570;01;03;07;08;09;11;13;16;18;19;20;21;23;24;25
1571;01;03;04;05;06;07;11;12;14;17;18;19;23;24;25
1572;02;04;05;06;08;09;10;13;16;18;19;21;22;23;24
1573;02;06;07;08;10;11;12;13;14;15;16;17;18;19;23
1574;01;02;03;05;06;07;10;11;12;14;15;17;18;21;22
1575;01;03;05;06;07;09;10;11;12;14;16;17;22;23;25
1576;01;02;05;07;08;09;11;12;14;15;16;18;20;21;25
1577;03;05;06;07;09;10;11;13;15;16;17;18;19;21;24
1578;04;06;08;09;10;12;13;14;16;17;18;19;21;22;24
1579;01;02;04;06;07;10;12;13;14;15;16;18;21;22;23
1580;03;04;07;10;11;12;13;14;15;16;18;20;22;23;25
1581;03;04;05;06;07;08;11;12;13;16;20;21;23;24;25
1582;01;02;05;07;08;10;11;14;16;17;18;19;23;24;25
1583;02;03;04;06;07;09;10;14;15;16;17;19;20;23;25
1584;01;02;03;05;06;11;12;14;15;16;17;19;20;24;25
1585;01;02;04;05;06;07;09;11;17;18;19;21;23;24;25
1586;01;03;04;10;11;12;13;16;18;19;20;22;23;24;25
1587;02;03;05;07;08;11;14;15;16;17;19;20;21;22;25
1588;01;03;04;05;07;09;10;11;14;15;17;20;21;22;23
1589;01;02;03;04;06;12;13;14;15;17;18;22;23;24;25
1590;01;03;05;07;08;10;14;16;17;18;20;21;22;23;25
1591;01;03;05;07;08;10;11;12;17;19;20;21;22;23;24
1592;01;02;03;04;05;06;09;12;14;15;16;19;20;22;25
1593;03;04;05;07;08;09;10;11;13;14;16;17;20;22;24
1594;01;02;04;06;08;10;11;12;13;15;16;17;19;21;25
1595;01;02;03;04;06;07;09;10;11;13;17;18;20;22;25
1596;05;08;09;10;11;12;13;15;18;19;20;21;22;23;24
1597;01;02;05;06;07;08;09;13;17;18;19;20;21;22;24
1598;02;05;06;07;10;12;13;15;16;17;18;19;20;21;24
1599;01;03;04;05;06;08;09;10;14;18;20;21;22;23;25
1600;02;03;04;05;07;09;13;14;16;17;18;20;22;23;24
1601;02;04;06;08;09;10;11;12;13;14;15;18;20;22;25
1602;01;03;04;08;09;10;11;13;14;15;17;19;21;23;24
1603;01;02;03;04;07;09;10;13;14;16;19;20;21;23;24
1604;03;04;05;06;07;08;09;10;12;13;15;19;21;22;24
1605;02;04;05;08;09;10;11;14;16;17;18;19;21;23;25
1606;01;03;05;07;08;09;10;11;14;15;19;20;22;23;25
1607;01;02;03;06;07;08;09;11;12;13;14;15;17;18;24
1608;01;02;03;05;06;09;10;14;17;18;20;21;22;23;25
1609;05;06;07;08;09;11;13;14;17;18;20;21;23;24;25
1610;03;06;07;09;10;11;13;14;16;17;19;20;21;22;24
1611;01;03;04;06;07;08;09;10;11;12;14;15;20;22;24
1612;02;03;04;05;07;11;12;14;15;18;21;22;23;24;25
1613;01;02;03;04;06;08;09;10;13;14;16;17;18;19;21
1614;01;02;03;07;09;10;12;13;14;15;16;17;19;21;23
1615;01;02;04;05;06;07;09;10;11;16;17;19;20;21;25
1616;01;02;04;05;08;10;11;13;14;16;17;18;22;23;24
1617;02;05;06;07;08;09;10;12;13;14;15;20;22;23;25
1618;01;03;04;05;08;09;10;13;14;16;17;19;20;24;25
1619;04;05;07;08;10;11;13;15;16;17;18;21;22;24;25
1620;01;02;04;07;09;10;11;12;13;14;18;20;21;24;25
1621;02;03;04;06;08;09;10;13;14;18;19;21;22;23;24
1622;01;02;03;04;08;09;11;16;17;18;20;22;23;24;25
1623;01;02;03;04;06;07;08;10;11;13;14;17;19;20;24
1624;01;02;06;07;08;09;11;14;15;16;17;18;20;23;24
1625;02;03;06;08;10;12;13;16;17;18;19;20;21;22;24
1626;01;03;04;07;08;09;10;11;13;15;16;17;20;21;24
1627;02;03;04;06;08;09;11;12;13;14;15;17;20;21;24
1628;01;03;06;09;11;12;16;17;18;19;20;22;23;24;25
1629;01;02;03;05;06;07;09;10;12;14;15;18;22;24;25
1630;03;05;07;08;09;10;12;13;14;15;17;20;22;23;25
1631;02;03;04;05;09;10;11;12;14;18;19;20;22;23;25
1632;04;05;08;12;13;14;15;16;18;20;21;22;23;24;25
1633;01;02;03;05;06;07;09;10;17;18;19;20;23;24;25
1634;03;04;05;06;07;09;10;13;14;15;19;21;22;24;25
1635;01;03;06;07;08;12;15;16;17;19;21;22;23;24;25
1636;02;03;06;07;08;09;12;13;14;15;18;19;20;22;25
1637;03;04;05;07;08;11;12;13;14;15;17;18;19;22;24
1638;01;07;08;10;11;12;14;15;16;19;20;22;23;24;25
1639;01;03;05;06;07;08;09;10;11;14;15;19;20;22;25
1640;01;02;04;05;06;12;14;15;16;17;20;21;22;24;25
1641;03;04;05;08;09;11;12;14;16;17;19;20;21;22;25
1642;02;05;06;07;10;11;13;15;17;18;19;20;22;24;25
1643;01;02;03;04;05;07;09;10;12;14;16;19;22;23;25
1644;02;03;04;05;06;07;08;09;11;13;15;18;22;23;24
1645;02;03;04;05;08;09;10;14;15;16;18;20;21;23;25
1646;01;03;04;05;06;07;09;12;13;15;17;18;20;22;25
1647;01;02;04;07;08;09;10;12;14;15;19;20;22;24;25
1648;04;09;10;11;12;13;15;16;17;19;21;22;23;24;25
1649;04;05;08;09;12;13;14;15;16;17;18;20;22;23;24
1650;03;04;05;08;10;13;14;15;16;17;18;19;20;22;25
1651;01;02;03;04;06;07;08;10;16;17;18;19;20;22;24
1652;02;03;04;05;06;07;10;11;14;16;17;18;21;24;25
1653;02;04;05;06;07;12;14;15;17;20;21;22;23;24;25
1654;01;02;03;04;06;10;11;13;16;18;19;20;22;23;25
1655;01;02;03;05;06;07;10;12;14;16;18;19;20;22;23
1656;02;03;04;05;07;10;11;12;13;15;17;19;20;23;24
1657;03;04;06;08;09;10;12;15;17;18;19;20;21;23;24
1658;02;04;05;06;07;08;12;13;15;16;17;18;19;20;23
1659;02;04;07;08;09;10;12;14;15;16;20;21;22;23;25
1660;01;02;03;07;08;10;11;13;14;17;18;20;21;24;25
1661;02;03;05;06;07;10;11;12;13;14;17;18;21;22;23
1662;01;02;03;05;08;10;11;13;14;17;18;20;21;22;25
1663;01;02;03;05;06;07;09;11;12;13;16;17;21;22;23
1664;02;04;05;06;07;08;11;13;15;16;17;18;20;24;25
1665;01;02;04;05;08;10;12;13;15;17;18;21;22;23;24
1666;01;02;05;06;08;09;10;12;13;14;17;20;21;24;25
1667;01;02;03;04;08;10;11;13;16;18;20;22;23;24;25
1668;04;05;06;08;11;12;14;16;17;18;20;21;23;24;25
1669;01;02;03;05;06;07;08;09;12;16;17;20;21;23;25
1670;01;02;03;04;07;11;13;14;16;17;20;21;22;23;25
1671;01;03;04;05;08;09;10;12;14;15;18;19;21;22;25
1672;02;03;05;06;08;09;11;17;18;20;21;22;23;24;25
1673;01;02;04;05;07;09;11;12;15;17;19;20;23;24;25
1674;01;02;04;05;09;10;11;12;15;19;20;21;22;23;24
1675;01;02;03;05;07;08;09;12;14;19;20;21;22;23;25
1676;03;04;08;09;10;12;13;14;15;16;18;20;23;24;25
1677;01;04;05;06;09;11;12;14;15;16;17;18;19;20;22
1678;01;03;04;05;06;08;09;14;16;18;19;20;22;23;24
1679;05;07;08;09;10;11;12;14;15;16;17;19;20;21;23
1680;01;02;03;07;08;10;11;12;13;14;18;20;21;23;25
1681;01;02;03;07;08;10;11;12;15;16;17;20;22;23;25
1682;01;04;05;06;07;09;12;13;15;17;18;19;20;21;25
1683;01;02;03;05;09;10;11;13;15;16;17;18;23;24;25
1684;02;04;07;09;10;12;13;14;15;16;17;22;23;24;25
1685;01;02;03;05;06;07;11;12;14;16;17;19;21;22;24
1686;02;04;05;06;09;10;13;15;17;18;19;20;22;23;24
1687;01;02;03;04;06;07;09;10;14;16;17;18;19;20;24
1688;01;03;04;05;06;07;08;10;13;15;19;21;22;24;25
1689;01;02;06;07;09;10;11;13;14;16;17;18;19;22;23
1690;01;02;04;05;07;08;10;13;15;16;19;20;22;23;25
1691;01;02;03;04;05;07;08;10;11;12;13;15;16;18;19
1692;03;05;06;07;10;12;14;15;17;18;20;22;23;24;25
1693;01;03;04;06;07;08;11;14;16;17;19;20;21;22;23
1694;01;02;03;04;05;09;11;12;13;17;18;19;20;23;24
1695;01;04;05;09;11;13;14;17;18;20;21;22;23;24;25
1696;02;04;05;07;08;10;12;13;14;16;17;18;19;23;24
1697;03;04;06;07;10;13;17;18;19;20;21;22;23;24;25
1698;02;03;04;05;08;09;13;14;16;18;19;20;21;22;25
1699;04;05;06;08;09;10;13;14;15;16;19;21;23;24;25
1700;01;02;03;06;07;08;12;13;14;16;20;21;22;23;24
1701;01;02;03;05;06;07;08;10;13;16;17;18;20;21;22
1702;03;04;05;07;08;10;11;14;15;16;17;18;19;22;25
1703;01;03;06;08;09;10;12;13;14;15;16;17;18;19;22
1704;02;04;06;07;09;10;11;12;13;14;16;18;19;20;22
1705;02;03;04;05;09;12;14;16;17;18;19;20;21;23;24
1706;02;03;04;05;07;08;09;12;13;14;15;17;18;20;21
1707;02;05;09;10;11;12;13;16;17;18;19;21;22;23;25
1708;01;02;03;04;06;07;08;09;10;12;13;14;17;18;22
1709;01;03;04;05;11;12;13;15;18;19;20;21;22;23;24
1710;02;04;05;06;07;09;10;11;12;17;20;21;22;24;25
1711;01;02;03;04;05;08;10;11;13;14;18;19;20;21;23
1712;01;03;05;06;07;10;13;14;15;16;17;18;23;24;25
1713;01;04;08;09;10;12;13;15;16;17;19;20;21;23;24
1714;01;03;05;06;07;08;10;14;15;18;19;21;22;23;24
1715;01;02;04;06;08;11;13;16;17;18;19;21;22;24;25
1716;01;03;04;05;07;10;11;12;13;16;17;22;23;24;25
1717;01;03;04;05;07;08;09;10;11;14;15;21;22;23;24
1718;02;03;05;06;07;08;10;11;12;17;18;20;21;22;24
1719;02;03;04;06;10;11;13;15;17;18;20;21;23;24;25
1720;02;03;04;09;10;11;13;15;17;18;20;22;23;24;25
1721;01;03;04;05;06;08;11;13;14;15;16;19;21;24;25
1722;02;04;05;07;08;11;12;14;15;17;19;21;22;23;25
1723;01;02;04;06;07;10;11;12;13;14;17;18;19;21;22
1724;05;06;07;09;10;11;12;13;15;16;18;20;21;22;23
1725;01;05;06;08;12;13;14;15;18;19;21;22;23;24;25
1726;01;03;05;06;08;10;11;12;14;15;17;19;20;22;25
1727;01;02;05;06;07;09;10;13;14;15;16;20;21;22;24
1728;02;03;05;06;07;08;09;10;11;12;14;15;17;21;22
1729;01;02;04;06;08;09;10;11;12;14;16;18;21;24;25
1730;01;07;08;10;12;13;14;15;16;18;19;22;23;24;25
1731;01;03;05;07;08;09;10;13;14;17;19;20;22;24;25
1732;01;03;05;09;10;12;13;14;17;18;19;20;21;22;24
1733;01;02;04;05;08;09;12;13;14;15;16;19;21;23;25
1734;01;02;03;06;07;08;10;11;15;16;17;21;22;24;25
1735;01;02;03;06;10;12;13;14;15;19;20;21;23;24;25
1736;03;06;07;09;11;12;13;15;16;18;19;22;23;24;25
1737;02;04;05;06;10;11;12;15;16;18;19;20;22;24;25
1738;01;03;06;09;10;13;14;17;18;19;20;21;22;23;24
1739;02;03;04;05;06;07;08;11;12;14;16;19;20;22;24
1740;01;02;03;04;05;06;08;09;10;11;16;18;19;22;24
1741;01;05;08;11;12;15;16;17;18;19;20;21;22;23;25
1742;01;04;06;08;09;10;12;14;15;16;17;18;20;21;25
1743;05;06;07;08;10;11;13;15;17;18;19;21;22;24;25
1744;01;05;06;10;11;12;13;15;17;18;19;20;21;23;24
1745;02;03;04;06;07;08;09;10;11;16;18;20;21;24;25
1746;03;04;06;07;08;09;10;11;12;15;16;19;22;23;25
1747;01;04;05;06;07;08;10;13;15;16;17;19;20;21;25
1748;01;03;05;06;07;09;10;11;12;17;18;19;21;22;25
1749;02;04;06;09;12;13;15;16;19;20;21;22;23;24;25
1750;01;04;06;07;10;12;13;16;17;18;19;20;22;23;24
1751;01;03;04;06;07;09;10;12;13;15;18;19;22;24;25
1752;01;03;04;06;07;08;09;12;13;15;16;17;18;20;22
1753;01;02;03;05;06;08;09;12;13;15;17;21;22;24;25
1754;01;02;03;04;05;10;12;13;14;15;17;20;21;24;25
1755;01;02;03;08;09;11;13;16;18;19;20;21;22;23;25
1756;01;02;05;06;07;08;12;13;16;17;19;21;22;23;24
1757;01;03;04;07;10;13;14;15;17;18;20;21;22;23;25
1758;01;02;04;07;08;09;10;12;13;14;17;19;20;22;23
1759;01;02;03;04;05;06;08;10;14;15;16;18;19;22;23
1760;01;03;04;05;06;07;12;14;15;16;18;20;23;24;25
1761;01;02;03;05;06;09;10;11;13;17;18;19;20;21;25
1762;01;02;05;06;07;08;12;15;16;17;20;21;22;23;25
1763;01;02;03;04;05;08;09;10;11;13;14;15;16;21;24
1764;01;02;04;06;07;10;12;14;15;16;17;19;20;23;25
